0.99945
0.99945
0.99762
1.00035
1.00036
1.00106
0.99441
0.99441
0.99601
0.99473
0.99473
0.99434
0.99434
0.99749
0.98801
0.98692
0.98692
0.98161
0.99120
0.99120
0.99087
0.99180
0.98469
0.98394
0.97929
0.98671
0.98566
0.98566
0.98566
0.99074
0.98984
0.99410
0.99869
0.99484
0.99484
0.99548
0.99548
0.98720
0.98720
0.98870
0.99132
0.99074
0.99145
0.99963
0.99963
1.00399
1.00590
1.00405
0.99712
0.99712
0.99188
0.99876
0.99952
1.00128
1.00128
0.99543
0.98965
0.97932
0.97932
0.98595
0.97787
0.98402
0.98402
0.98384
0.98732
0.98696
0.99344
0.98540
0.98223
0.99380
0.99834
0.98978
0.99324
0.99324
0.99107
0.98505
0.98201
0.98362
0.98822
0.98684
0.98684
1.00010
1.00010
1.00419
1.00277
1.00277
1.00535
1.00464
1.00534
1.00653
1.00653
1.00646
1.00646
1.00646
1.01079
1.01381
1.01640
1.00799
1.01093
1.00291
1.00980
1.00980
1.00752
1.00752
0.99992
0.99312
0.99764
1.00112
0.99949
0.99807
0.99406
0.99013
0.99013
0.98265
0.99060
0.99807
0.99663
0.99206
0.99448
0.99500
0.99978
1.00080
0.99446
0.99446
0.99729
0.99821
1.00250
0.99245
1.00549
1.00549
1.00345
1.00345
1.00267
0.99965
0.99569
0.99569
0.99706
0.99610
0.99474
0.99474
1.00429
1.00144
0.99410
1.00174
1.00104
1.00002
1.00002
1.00889
1.00889
1.00417
1.00417
1.00417
1.00563
1.00771
1.01012
1.00722
1.00722
1.00722
1.00722
1.01048
1.01048
1.00418
1.00903
1.01212
1.01212
1.01024
1.00136
1.00188
1.00188
1.00217
0.99352
0.99229
0.98901
0.99242
0.99242
0.99387
0.99387
0.99786
0.99786
0.99771
0.99773
0.99997
1.00256
0.99816
1.00052
0.99750
1.00128
1.00930
1.00239
1.00238
1.00238
1.00195
0.99082
0.98803
0.98803
0.99463
0.99781
1.00151
1.00151
1.00781
1.00751
1.00486
1.00486
1.00648
1.00648
0.99995
0.99730
0.99653
0.99741
0.99665
0.99562
0.99925
0.99925
1.00260
0.99664
0.99664
0.99264
0.99288
0.98951
0.98994
0.99363
0.98322
0.99340
0.99738
0.99523
0.99523
0.98653
0.98806
0.99443
0.99506
0.99306
0.98984
0.98699
0.99397
0.99397
0.98948
0.99111
0.99149
0.99149
0.99492
0.99581
0.98643
0.98605
0.99154
0.99154
0.98959
0.99358
0.98672
0.99100
1.00532
1.00463
1.00463
1.00960
1.00525
1.00525
1.00327
0.99978
1.00273
1.00136
1.01332
1.00481
1.00400
1.00252
0.99996
1.00863
1.00823
1.01016
1.01025
1.00564
1.00544
1.00544
1.00670
1.00670
1.01017
1.01017
1.01153
1.01153
1.00306
1.00896
1.00695
0.99752
1.00670
1.00325
1.00726
1.00728
1.00728
1.00728
1.00779
1.00508
1.00954
1.00954
1.00954
0.99616
0.99616
0.99456
0.99342
0.98974
0.98963
0.98306
0.98306
0.98164
0.97939
0.98808
0.99166
0.99239
0.99140
0.99040
0.98756
0.99037
0.98677
0.98978
0.98224
0.98514
0.98306
0.98306
0.97936
0.97282
0.98191
0.98242
0.98522
0.98522
0.98093
0.98093
0.98238
0.97957
0.98524
0.98262
0.98484
0.99432
0.99132
0.99810
0.99690
0.99316
0.99336
0.99336
0.98781
0.99578
0.99228
0.99885
1.00239
1.00239
1.00728
1.00478
1.00375
1.00375
1.00317
1.00317
1.00616
0.99994
0.99994
0.99959
0.99014
0.99595
1.00241
1.00241
1.00241
1.00241
1.00241
0.99969
1.00079
1.00079
1.00322
1.00278
0.99263
0.99263
0.99729
0.99318
0.98887
0.98887
0.99121
0.99960
0.99960
1.00052
0.99137
0.99449
0.99067
0.99241
0.98430
0.97972
0.98827
0.98593
0.99098
0.99098
0.99293
0.98503
0.99166
0.99827
0.99827
1.00084
0.98920
0.98333
0.99116
0.99106
0.99990
0.99962
0.99962
0.99962
1.00116
1.00116
1.00411
0.99728
0.99568
0.99568
0.99568
0.99582
0.99910
1.00024
0.99893
1.00087
1.00087
1.00129
0.99658
0.99922
0.99397
0.98431
0.99073
0.99073
0.98349
0.98349
0.98575
0.98745
0.98045
0.98045
0.98642
0.98884
0.98884
0.98419
0.98389
0.98389
0.99137
0.99667
0.99793
0.99784
0.99739
0.99872
0.99866
0.99866
0.99571
0.98990
0.98990
0.99464
0.99247
0.99247
0.99247
0.99882
0.99882
0.99913
1.00296
1.00296
0.99931
0.99551
0.98989
0.99415
0.99986
0.99986
0.99511
1.00174
1.00174
1.00174
1.00174
0.99464
0.99464
0.99464
0.99517
0.99449
0.98813
0.99092
0.99274
0.99274
0.99464
0.99464
0.99178
0.99178
0.99339
0.99339
0.98829
0.98829
0.98306
0.98521
0.98062
0.97811
0.97811
0.97064
0.97689
0.97965
0.97965
0.97806
0.97806
0.98385
0.98708
0.98140
0.98140
0.97747
0.98065
0.98000
0.98344
0.99136
0.99619
0.99619
0.99619
0.99500
1.00259
1.00118
1.00118
1.00023
0.99754
1.00502
1.00861
1.00697
0.99738
0.99738
0.99044
0.99052
1.00038
0.99733
0.99842
0.99374
0.98798
0.98835
0.99138
0.99138
1.00086
1.00334
1.01098
1.00624
1.00614
1.00614
1.00723
1.00786
1.00572
1.00448
1.00448
0.99911
0.99381
0.99581
1.00356
1.00356
1.00206
1.00506
1.00993
1.01092
1.00708
1.00460
1.01034
1.01602
1.01602
1.01176
0.99728
1.00314
0.99851
0.99851
0.99602
0.99602
1.00092
1.00161
0.99305
0.99305
0.99405
0.98797
0.98426
0.97835
0.97835
0.98213
0.97721
0.97464
0.97949
0.98440
0.98177
0.99052
0.99052
0.99792
0.99820
0.99820
0.99964
0.99061
0.99061
0.99004
0.99004
0.99004
0.98572
0.98572
0.99579
0.99794
1.00389
1.00389
0.99891
0.99342
0.99911
0.99184
0.98988
0.99207
0.99634
0.99428
0.99881
0.99881
0.99464
0.99464
1.00966
1.01267
1.00761
1.01010
1.00773
1.00913
1.01327
1.01327
1.01269
1.00493
1.00394
0.99317
0.99965
0.99368
0.99478
0.99744
1.00011
1.00011
1.00011
1.00011
0.99000
0.99251
0.99957
1.00114
1.00417
1.00658
1.00863
1.00185
1.00185
0.99624
0.99028
0.99028
0.99650
0.99650
0.99008
0.99008
0.99410
0.99291
0.99910
0.99555
0.98909
0.98909
0.98834
0.98834
0.98450
0.97313
0.96985
0.97442
0.97778
0.98091
0.98559
0.99400
0.98499
0.97999
0.98234
0.98234
0.98234
0.98234
0.98473
0.98252
0.98743
0.98743
0.98600
0.98992
0.98551
0.99081
0.99658
0.99658
0.99540
1.00213
0.99522
0.99522
0.99449
0.99734
0.99809
0.99934
0.99692
0.99828
0.99875
0.99497
0.99803
0.99803
0.99931
0.99744
1.00087
1.00087
1.00096
1.00267
0.98657
0.98983
0.99218
0.99557
0.99471
0.98717
0.98966
0.98915
0.98915
0.98915
0.98678
0.98959
0.98959
0.98589
0.99076
0.99076
0.99317
0.99317
0.98919
0.98961
0.98815
0.98509
0.98687
0.99525
1.00173
1.00173
1.00319
1.00319
1.00172
1.00522
1.00180
0.99939
1.00685
1.00337
1.00337
1.00337
1.00361
1.00361
0.99912
0.99550
0.99265
0.99950
1.00143
0.99832
1.00727
1.00727
1.00727
0.99902
1.00228
0.99801
0.99572
1.00137
0.99354
0.98758
0.99504
0.99889
1.00804
1.00804
0.99533
1.00091
0.99953
0.99742
0.98895
0.98895
0.98918
0.99735
0.98893
0.98893
0.99028
0.98274
0.98385
0.98385
0.99677
0.99376
0.99500
0.99500
0.99535
0.99086
0.99036
0.99036
0.99036
0.99036
0.99632
1.00291
0.99112
0.99112
0.99253
0.99253
0.99096
0.99582
0.99582
0.99716
1.00696
1.00696
1.00572
1.00454
0.99858
1.00276
1.00284
1.00284
0.99608
1.00439
1.00125
1.00132
1.00731
1.00731
1.00709
1.00777
1.00974
1.00380
1.00380
1.00235
1.00407
0.99711
1.00333
1.00333
1.00300
1.00334
0.99938
1.00165
1.00165
1.00331
1.00864
1.00864
1.00857
1.00857
1.00857
1.01619
1.01616
1.01616
1.02094
1.02094
1.01420
1.01428
1.01034
1.00516
0.99874
0.99952
1.00063
1.00535
0.99900
0.99900
0.99887
1.00062
1.00160
1.00936
1.00380
1.00351
1.00347
1.00347
1.00234
1.00345
1.00179
1.00179
0.99351
0.99004
0.99197
0.99079
0.99947
0.99947
0.99761
0.99891
0.99891
0.99389
0.99784
1.00237
1.00095
1.00095
1.00422
0.99523
0.99941
0.99941
0.98855
0.99880
1.00630
1.00630
1.00151
1.00151
1.00151
1.00151
0.99554
0.99554
1.00094
1.00094
1.00035
0.99830
0.99830
0.99409
0.99189
0.99189
0.99817
1.00155
0.99814
0.99103
0.99536
0.99536
0.99720
0.99720
1.00732
1.00732
1.00732
1.00562
1.00306
1.00306
1.00462
1.01043
1.01048
1.01048
1.01463
1.00721
1.01292
1.02050
1.02050
1.01795
1.01239
1.01004
1.00634
1.00634
1.00120
1.00120
1.00120
1.00120
1.00120
1.00552
1.00057
1.00057
0.99759
1.00254
0.99846
0.99846
0.99769
0.99717
0.99718
0.99410
0.99101
0.99448
0.99483
0.99483
0.99910
1.00094
1.00094
1.00094
1.00247
0.99755
0.99960
0.99960
1.00464
1.00464
1.00464
1.00464
1.00245
1.00292
0.99379
0.99681
0.99439
0.99296
0.99296
0.98881
0.99527
0.99527
0.99291
0.99102
0.99102
0.99102
0.99029
0.99029
0.99114
0.99143
0.99812
1.00154
0.99966
1.00032
1.00284
1.00284
1.00284
1.00878
0.99875
0.99875
0.99791
0.99863
0.99189
0.99372
0.99335
0.99537
0.99537
0.99423
1.00078
0.99679
0.99679
0.99670
1.00432
1.00432
0.99616
0.99512
0.99551
0.99284
0.99284
0.99888
0.98997
0.98997
0.99421
0.99667
0.99667
0.99706
1.00278
0.99880
0.99247
0.98862
0.99072
0.99733
0.99733
0.99617
1.00204
0.99415
0.99415
0.99415
0.98828
0.99803
0.99103
0.99926
0.99719
0.99185
0.99185
0.99180
0.99180
0.98789
0.98145
0.98535
0.99112
0.98656
0.99039
0.99715
0.99567
0.99347
0.99580
1.00017
0.99040
0.99040
0.99040
0.99040
0.99332
0.98807
0.99487
0.99487
0.99434
1.00140
1.00537
1.00537
1.00537
1.00537
1.00570
0.99848
0.99935
1.00964
1.00964
1.00978
1.00978
1.01825
1.01346
1.00657
1.00657
1.00657
1.00657
1.00657
1.00657
0.99723
1.00098
1.00098
1.00098
1.00098
1.00098
1.00098
1.01388
1.01092
1.00943
1.01659
1.00875
1.01059
1.00952
1.00961
1.00911
1.00142
1.00282
0.99427
0.99755
0.99507
1.00321
1.00233
0.99801
1.00014
1.00560
1.00560
1.00643
1.00072
0.99795
1.00506
1.00797
1.00230
1.01000
1.00812
1.00812
1.01560
1.01560
1.00612
1.00373
1.00373
1.00373
1.00312
1.00696
1.00696
1.00533
1.00815
1.00687
1.01103
1.00820
1.00591
0.99671
0.99751
1.00576
1.00576
0.99870
0.99870
0.99961
0.99961
0.99961
0.99721
0.99605
0.99605
0.98946
0.98238
0.98506
0.98152
0.98152
0.98436
0.98599
0.98895
0.99888
0.98955
0.99347
0.98894
0.98682
0.98501
0.98373
0.98737
0.98151
0.98151
0.97696
0.98023
0.99309
1.00308
1.00113
1.00232
1.00232
0.99937
1.00472
0.99785
1.00580
1.00580
1.01454
1.01828
1.00834
1.00142
0.99645
0.99777
0.98926
0.98545
0.98545
0.98545
0.98417
0.99265
0.99455
0.99557
0.98639
0.98993
0.98426
0.98463
0.99265
0.98866
0.98944
0.98775
0.99402
0.99704
0.99108
0.98496
0.98559
0.98789
0.98789
0.98789
0.98688
0.98592
0.99411
0.99411
0.99134
0.99134
0.99134
0.99134
0.99003
0.99689
0.99451
1.00114
0.99755
1.00114
0.99336
0.99336
0.99336
0.99463
0.99588
0.99619
0.99271
0.99321
0.98975
0.99217
0.99397
0.99397
0.99722
0.98959
0.98959
0.98849
0.98833
0.98329
0.98329
0.98439
0.98708
0.98366
0.99264
0.99030
0.98816
0.98816
1.00084
0.99890
0.99313
1.00182
0.99617
1.00026
0.99973
0.99973
0.99872
0.99872
0.99630
0.99630
1.00197
1.00441
0.99461
0.99461
0.99461
0.99660
1.00035
0.99972
0.99547
0.99234
0.98573
0.98185
0.98270
0.98270
0.97166
0.97911
0.97911
0.97911
0.97911
0.98053
0.97879
0.97565
0.98372
0.98372
0.98660
0.98955
0.98626
0.98582
0.98450
0.99216
0.98878
0.98664
0.98852
0.98637
0.98266
0.98783
0.99153
0.99153
0.99153
0.99585
0.99153
0.99153
0.99488
0.99835
1.00294
0.99505
0.98988
0.99281
0.98569
0.98569
0.98448
0.98448
0.98486
0.98215
0.98259
0.98259
0.97855
0.97967
0.98108
0.98108
0.98108
0.98500
0.99364
0.99095
0.98763
0.98428
0.98428
0.98800
0.99039
0.99588
0.99974
1.00754
1.00493
1.00493
1.00259
1.00001
0.99885
0.99780
0.99565
0.99577
0.99614
0.99551
0.98838
0.99133
0.99301
0.99421
0.98958
0.99060
0.99357
0.98909
0.98909
0.99189
0.99263
0.99410
0.99494
0.99730
0.99730
0.99615
0.99666
0.99001
0.98514
0.99088
0.98953
0.98648
0.98648
0.98739
0.99276
1.00156
1.00198
1.00198
1.00198
1.00185
0.99990
1.00498
1.00498
1.00241
1.00068
1.00068
1.00409
1.00205
1.00761
1.00761
1.00761
1.00232
1.00453
1.00453
0.99951
0.99852
0.99852
0.99852
0.99976
0.99976
0.99221
0.99693
0.99693
1.00018
1.00162
0.99686
0.99363
0.99530
0.99228
0.99228
0.98726
0.98669
0.98666
0.99204
0.98732
0.98732
0.98528
0.98969
0.98820
0.99133
0.99468
0.99455
0.99455
0.99455
0.99365
0.99360
0.99361
0.98848
0.98848
0.99393
0.99393
0.99393
0.98371
0.98332
0.98300
0.98714
0.99536
0.99616
0.99385
0.99385
0.99403
0.98870
0.98978
0.98452
0.98258
0.98990
0.99407
0.98926
0.99252
0.99283
0.98481
0.98370
0.99117
0.99741
0.99476
0.99702
0.99038
0.99138
0.98932
0.98932
0.99009
0.99009
0.99649
0.99052
0.99052
0.99253
0.99588
1.00261
1.00261
1.00261
1.00590
0.99642
1.00224
1.00209
1.00209
1.00598
1.00118
0.99693
0.99488
0.99325
0.99639
0.99575
0.99784
0.99712
0.99646
1.00029
1.00529
1.00529
1.00529
0.99442
0.98744
0.98342
0.99090
0.98740
0.99209
0.99209
0.98429
0.98837
0.99478
0.99478
1.00238
1.00104
0.99852
0.99902
0.99902
0.99670
0.99043
1.00415
1.00078
0.99968
0.99702
0.99880
1.00248
1.00248
1.00122
1.01077
1.01077
1.01087
1.01107
1.01393
1.01200
1.01187
1.01294
1.01294
1.00435
1.00670
1.00264
1.00264
1.00327
0.99493
1.00233
0.99986
0.99376
0.99376
1.00390
1.00364
1.00432
1.00479
1.01045
1.00652
1.00213
0.99653
0.99357
1.00055
1.00380
1.00098
0.99275
0.98646
0.98646
0.99409
0.99751
0.99751
0.99762
0.99386
0.99611
0.99931
0.99449
1.00322
1.00542
1.00278
1.00756
1.00640
1.00640
1.00146
1.00379
1.00379
1.00201
0.99325
0.99888
1.00113
1.00113
0.99698
0.99698
1.00571
1.00571
1.00559
1.00816
1.01477
1.00956
1.00895
1.00644
1.00644
1.00058
1.00058
1.00058
1.00102
0.99321
0.99635
0.99635
0.99635
0.99285
0.99624
0.99802
0.99802
0.99317
0.99591
0.99791
0.99994
0.99416
0.98910
0.98876
0.98820
0.98840
0.99391
0.99182
0.99182
0.98601
0.98601
0.98913
0.99329
0.99389
0.99152
0.99978
0.99925
1.00260
0.99412
0.99412
0.99424
0.99250
0.99073
0.99271
0.99242
0.99124
0.99034
0.99088
0.98329
0.98460
0.98775
0.98389
0.98558
0.98699
0.99345
0.99448
1.00228
0.99916
0.99892
1.00257
1.00569
1.00730
1.00730
1.00905
1.01001
0.99655
0.99655
1.00079
1.00079
0.99432
0.99155
0.99181
0.99390
0.99960
1.00446
1.00094
1.00547
1.00132
0.99255
0.99332
0.99411
0.99486
0.99486
0.99534
0.99534
1.00684
1.00684
1.01531
1.01448
1.01448
1.00937
1.00220
1.00220
1.00630
0.99788
0.99788
1.00652
1.01279
1.01279
1.00631
1.00683
1.00439
1.00294
1.00339
0.99518
0.99518
0.99518
0.99750
0.99750
0.99750
1.00747
1.00518
1.00518
1.00972
1.01182
1.00480
1.00324
1.00081
1.00091
1.00508
1.00897
0.99904
0.99754
0.99774
0.99153
0.99796
0.99054
0.99329
0.99501
0.99732
1.00436
1.00436
1.01063
1.00777
1.00109
0.99821
0.99821
0.99364
0.99304
1.00008
1.00008
1.00008
1.00008
1.00008
0.99166
0.99353
0.99353
0.99307
0.99172
0.99088
0.99230
0.99641
0.99641
0.99500
1.00317
1.00471
1.00471
0.99651
0.99672
0.99725
0.99480
0.99480
0.99505
0.99452
0.99452
0.97829
0.97887
0.97887
0.98291
0.99376
0.99376
0.99595
0.99438
0.99365
0.99637
0.99645
0.98940
0.99019
0.98634
0.99720
0.99432
0.99432
0.98727
0.98727
0.99288
0.99714
0.99593
0.99593
0.99220
0.98861
0.98861
0.99470
0.99470
0.99094
0.98820
0.98820
0.98820
0.98790
0.98939
0.98535
0.99272
0.99272
0.99272
0.99484
0.99484
0.99858
0.99858
0.98784
0.99433
0.99267
0.98678
1.00059
1.00160
0.99511
0.99511
1.00484
1.00067
1.00067
0.98946
0.99650
0.99378
0.99489
0.99489
1.00138
1.00138
1.00141
1.00141
1.00747
1.00973
1.01023
1.01023
1.00302
1.00302
1.00905
1.01330
0.99531
0.99531
1.00084
1.00332
1.00481
1.00787
1.00407
1.00407
0.99760
1.00023
1.00474
1.00862
1.00905
1.00963
1.00794
1.00314
0.99879
0.99879
0.99437
0.97985
0.97985
0.98033
0.98724
0.98724
0.99145
0.99609
0.99657
0.99247
0.99600
1.00019
0.99105
0.99162
0.98986
0.99053
0.99141
0.99141
0.99141
0.98591
0.98591
0.98719
0.98440
0.98440
0.98440
0.98440
0.98150
0.98364
0.99592
0.99592
0.99213
0.99304
0.99862
0.99021
0.99021
0.98411
0.97940
0.97991
0.98624
0.98925
0.98574
0.98325
0.98325
0.98325
0.98521
0.98777
0.98398
0.98515
0.98298
0.98707
0.98707
0.98886
0.99112
0.99411
0.99412
0.99895
0.99870
0.99870
1.00699
1.00699
0.99831
0.99778
0.99961
0.99987
1.00363
1.00463
1.00463
1.00987
1.00536
1.00379
1.00173
1.00126
1.00327
1.00674
0.99890
1.00623
1.01168
1.00842
1.00315
1.00726
0.99959
0.99959
0.99959
1.00124
0.99754
0.99754
1.00203
1.00370
1.00282
1.00024
1.00024
1.00024
1.00024
0.99175
0.98827
0.98827
0.98847
0.98138
0.98916
0.98573
0.98929
0.98929
0.99050
0.99566
0.99150
0.99150
0.99150
0.99909
1.00005
0.99823
1.00110
1.00110
1.00168
0.99795
1.00287
1.00577
0.99741
0.99052
0.99052
0.99361
1.00251
1.00069
1.00555
1.00555
0.99464
0.99464
0.99715
0.99715
0.99736
0.98857
0.98215
0.98481
0.98989
0.98545
0.99332
0.98904
0.99587
0.98775
0.98914
0.99021
0.99845
1.00092
1.00092
0.98967
0.99088
0.99088
0.99088
0.98461
0.98258
0.98792
0.99892
0.99892
0.99892
0.99892
1.00170
0.99941
1.00880
1.00880
1.00880
1.00326
1.00139
1.00564
1.00564
1.00447
1.00140
0.99581
0.99439
1.00255
1.00269
1.00269
1.00155
1.00155
0.99695
0.99889
0.99889
0.99889
0.99730
0.99533
1.00119
1.00013
1.01082
1.01365
1.01241
1.01241
1.01241
1.00415
0.99885
1.00732
1.00434
1.00085
1.00085
0.99557
0.99377
0.99377
0.99547
0.99427
0.98817
0.98638
0.98533
0.98765
0.98871
0.99480
1.00339
0.99868
0.99118
0.99118
0.98963
0.98963
0.99682
1.00084
0.99859
0.98734
0.98882
