-12349.68641
-12342.27122
-12358.02340
-12298.61125
-12296.95067
-12323.99432
-12323.54510
-12305.21638
-12318.20670
-12342.05211
-12354.99471
-12337.09314
-12294.14976
-12250.82272
-12242.66678
-12286.94612
-12285.78150
-12229.13439
-12279.49733
-12262.05724
-12293.99044
-12230.56750
-12270.84558
-12261.26303
-12259.06317
-12278.16014
-12311.51316
-12261.10625
-12257.47145
-12215.15112
-12225.27691
-12237.12819
-12318.03849
-12205.77994
-12234.01701
-12220.76573
-12244.32059
-12265.32580
-12299.24752
-12265.69864
-12279.74838
-12227.08995
-12218.93640
-12313.71284
-12297.75745
-12271.28534
-12220.55269
-12158.05181
-12200.13329
-12247.47148
-12258.00232
-12221.08014
-12226.30881
-12241.89803
-12258.17560
-12269.33398
-12266.33476
-12262.09847
-12215.90349
-12259.77723
-12299.91240
-12350.75369
-12214.26144
-12309.90147
-12336.06076
-12333.53643
-12259.53223
-12283.01688
-12258.85959
-12309.14341
-12317.44379
-12334.81662
-12343.78357
-12335.94184
-12328.80850
-12291.30048
-12315.47230
-12338.01112
-12330.88864
-12308.27361
-12227.20191
-12226.61074
-12274.54271
-12255.43460
-12250.40009
-12268.35322
-12257.94080
-12285.28039
-12196.62765
-12237.32036
-12291.96447
-12298.58470
-12323.72659
-12302.13616
-12353.01170
-12258.91659
-12342.10156
-12286.72456
-12274.87539
-12297.34480
-12319.66730
-12297.71228
-12277.88942
-12269.45015
-12272.45623
-12149.58051
-12185.06495
-12174.09957
-12169.82419
-12088.25948
-12163.97008
-12177.60275
-12203.84638
-12148.34448
-12229.44568
-12234.08350
-12252.92241
-12206.12524
-12235.14205
-12242.74547
-12275.32604
-12283.90375
-12249.40558
-12327.19231
-12278.54306
-12242.21611
-12263.31543
-12230.23923
-12291.37014
-12265.39848
-12239.21050
-12229.39220
-12206.98531
-12191.74925
-12264.07225
-12186.99430
-12251.34075
-12240.25583
-12235.39910
-12250.75539
-12260.47809
-12295.67465
-12205.95443
-12181.18774
-12183.57635
-12284.37435
-12283.79855
-12197.06032
-12231.65281
-12180.94049
-12251.42570
-12254.00466
-12276.58603
-12334.16003
-12273.78048
-12250.82322
-12270.41089
-12265.71589
-12227.01878
-12280.73565
-12250.93269
-12258.38081
-12378.40462
-12385.72479
-12409.43816
-12415.94961
-12371.11873
-12321.08137
-12329.02267
-12269.13698
-12298.38660
-12255.71413
-12273.72318
-12283.82333
-12293.78547
-12261.54702
-12253.71930
-12205.93161
-12271.40150
-12231.24924
-12227.98937
-12285.51730
-12256.44329
-12256.29160
-12295.07893
-12261.69308
-12332.36875
-12306.50382
-12271.34234
-12278.53255
-12306.85762
-12335.59104
-12336.40228
-12311.10259
-12285.76598
-12292.90481
-12300.74658
-12257.44339
-12263.48670
-12335.20210
-12296.58679
-12285.68206
-12304.16541
-12355.53182
-12373.54691
-12317.78587
-12284.07569
-12205.97628
-12272.78929
-12241.29474
-12267.52623
-12214.54819
-12251.38416
-12247.19078
-12282.52691
-12273.41132
-12243.39925
-12262.77959
-12278.17341
-12224.34694
-12284.64199
-12172.81231
-12241.95703
-12214.90541
-12274.61134
-12277.15926
-12203.88882
-12255.59553
-12234.08880
-12232.12444
-12249.09080
-12234.33413
-12224.83924
-12285.69568
-12282.85556
-12311.05069
-12350.42886
-12359.59250
-12365.02829
-12349.56316
-12298.60073
-12277.70426
-12308.86108
-12300.24476
-12221.51697
-12252.71580
-12234.22140
-12261.80892
-12234.57994
-12336.64264
-12216.89034
-12266.54467
-12229.33730
-12261.31106
-12295.23880
-12270.41972
-12312.74600
-12228.63736
-12304.30710
-12336.25722
-12307.37974
-12279.23130
-12299.61285
-12284.91214
-12267.28384
-12222.81179
-12311.68569
-12265.44582
-12308.97288
-12371.73362
-12410.71350
-12333.17699
-12298.12261
-12242.97866
-12262.44465
-12390.60758
-12342.49844
-12280.42194
-12304.69020
-12293.22291
-12298.24193
-12285.33559
-12283.85182
-12300.35054
-12229.40678
-12264.99610
-12243.07154
-12252.90191
-12168.78145
-12176.21715
-12222.41058
-12201.79724
-12237.07269
-12245.22645
-12212.51409
-12242.61900
-12237.53070
-12216.01980
-12253.62293
-12194.08244
-12219.07325
-12216.95495
-12235.29948
-12277.75236
-12305.51525
-12276.82401
-12257.56215
-12219.95749
-12227.54176
-12269.14979
-12258.89830
-12226.59435
-12266.55434
-12187.77729
-12258.73446
-12257.05931
-12215.81026
-12256.23752
-12274.14241
-12221.68002
-12238.53229
-12314.50609
-12229.31589
-12252.93859
-12252.23174
-12250.52362
-12199.94609
-12228.11680
-12231.81923
-12266.75739
-12277.57533
-12197.07769
-12253.00984
-12204.62425
-12161.18330
-12186.60189
-12230.12451
-12272.33497
-12274.69215
-12267.40715
-12222.44648
-12250.53007
-12255.98176
-12282.86104
-12304.88294
-12246.94215
-12217.97470
-12299.57682
-12253.03584
-12252.05350
-12257.78117
-12257.60089
-12282.89231
-12261.12900
-12244.25662
-12277.19848
-12272.40239
-12236.89926
-12264.04341
-12254.92927
-12297.17150
-12318.42648
-12206.55071
-12246.32306
-12314.76361
-12267.84347
-12338.68785
-12261.82388
-12319.13810
-12279.06450
-12305.98663
-12245.01426
-12278.31341
-12265.19293
-12283.64701
-12312.23139
-12215.54450
-12242.78098
-12308.84951
-12244.95302
-12276.38147
-12228.84219
-12283.77240
-12322.75657
-12279.85820
-12278.02182
-12264.05061
-12385.95965
-12380.49994
-12375.16143
-12326.92747
-12277.51127
-12323.89411
-12336.15095
-12276.13681
-12277.83042
-12260.63276
-12365.74756
-12339.51513
-12312.43013
-12326.76134
-12302.17715
-12269.98703
-12212.91188
-12233.01293
-12289.22478
-12238.57130
-12270.35793
-12272.12983
-12290.79513
-12290.33671
-12232.58189
-12299.24635
-12339.47595
-12296.65623
-12319.06445
-12335.29027
-12243.13469
-12242.22475
-12260.25705
-12297.15846
-12249.49838
-12314.27675
-12324.69605
-12321.81233
-12268.28741
-12264.17813
-12271.20178
-12332.27472
-12331.12351
-12275.81137
-12301.49177
-12273.56380
-12217.59537
-12235.15977
-12255.94245
-12288.88003
-12228.96069
-12214.07362
-12237.28107
-12242.21737
-12223.07119
-12206.58376
-12222.63440
-12246.40585
-12303.92493
-12267.52892
-12296.76775
-12230.59549
-12310.93198
-12282.62575
-12265.03446
-12250.50026
-12282.29248
-12311.47126
-12263.78680
-12282.37861
-12337.38685
-12285.99863
-12266.18183
-12276.57314
-12231.33607
-12283.47715
-12233.76130
-12181.65657
-12295.04674
-12245.20884
-12283.66293
-12281.99383
-12185.65644
-12244.94793
-12271.39085
-12290.82660
-12317.05876
-12329.36704
-12269.72228
-12283.01506
-12250.15481
-12319.24226
-12263.20053
-12310.47479
-12298.35487
-12323.62433
-12307.26090
-12245.22708
-12330.52455
-12234.61977
-12225.37907
-12209.06099
-12241.17260
-12207.98894
-12235.91119
-12248.94987
-12261.47712
-12330.16762
-12218.40722
-12323.15459
-12353.14061
-12390.99613
-12310.71172
-12297.52064
-12364.30015
-12366.65517
-12318.57073
-12316.56966
-12274.92221
-12329.05784
-12257.54936
-12335.41140
-12278.62709
-12293.31861
-12320.84785
-12307.59881
-12298.14277
-12295.23967
-12255.68889
-12350.40596
-12209.46338
-12263.22181
-12241.24465
-12187.74524
-12207.19056
-12217.99217
-12300.16912
-12312.77581
-12254.67016
-12273.13662
-12270.21823
-12236.18524
-12231.64336
-12206.68713
-12191.10576
-12213.22823
-12227.50072
-12313.60198
-12308.21275
-12261.07167
-12288.04660
-12263.10724
-12261.03744
-12231.21366
-12220.39376
-12236.09523
-12257.21989
-12197.57408
-12189.30650
-12248.01218
-12275.24663
-12288.82901
-12202.44514
-12189.31900
-12160.00775
-12166.93304
-12227.64250
-12205.07791
-12270.49491
-12317.84813
-12217.01044
-12243.82518
-12205.10057
-12241.92795
-12235.32842
-12239.32956
-12292.55834
-12135.03911
-12137.23233
-12185.90931
-12244.69354
-12232.53706
-12154.99643
-12261.47544
-12193.39626
-12246.73149
-12245.08574
-12205.77737
-12195.93595
-12206.90156
-12188.13346
-12182.17098
-12214.75469
-12299.13929
-12287.55330
-12352.91390
-12324.24677
-12316.21608
-12302.76030
-12275.61322
-12341.53993
-12241.43094
-12335.63315
-12306.49541
-12314.80385
-12272.26502
-12205.40416
-12281.40713
-12292.13077
-12195.97446
-12232.89358
-12308.32105
-12212.00631
-12278.40862
-12246.45312
-12225.99933
-12189.49201
-12268.84804
-12313.02481
-12291.03032
-12306.21383
-12270.63599
-12287.72508
-12325.10097
-12262.60823
-12299.52848
-12265.92121
-12234.17689
-12253.30745
-12306.66215
-12281.11648
-12266.16139
-12347.50597
-12317.82390
-12263.45958
-12258.96627
-12354.28249
-12302.84665
-12277.06885
-12344.72199
-12293.74035
-12287.83028
-12287.00482
-12259.96639
-12223.70140
-12274.04356
-12220.29325
-12236.81100
-12343.40856
-12321.02325
-12265.07483
-12214.94277
-12248.01449
-12211.08261
-12157.02051
-12202.29599
-12188.36779
-12275.79402
-12240.00641
-12243.52214
-12289.22058
-12311.94283
-12302.78260
-12277.21371
-12270.67523
-12280.30201
-12274.33827
-12275.73769
-12219.79933
-12263.66276
-12272.63103
-12284.95063
-12316.24613
-12307.52475
-12288.23790
-12307.16497
-12242.01046
-12302.51234
-12337.34944
-12226.40772
-12252.98669
-12268.66516
-12260.12704
-12280.05188
-12218.20620
-12260.21206
-12281.18112
-12292.24956
-12306.11161
-12324.95180
-12339.59806
-12344.58820
-12343.35360
-12309.28890
-12301.52299
-12308.50395
-12319.11849
-12361.71729
-12247.22881
-12284.13267
-12305.93711
-12189.40939
-12260.24023
-12257.11469
-12227.60984
-12223.60818
-12190.17477
-12201.83768
-12241.30136
-12196.26132
-12212.44632
-12205.53228
-12247.37742
-12251.99286
-12180.44093
-12241.56903
-12330.73705
-12264.09145
-12267.38172
-12267.94092
-12273.61393
-12276.45791
-12306.90057
-12338.72821
-12321.83587
-12261.47961
-12278.74833
-12314.28022
-12323.02651
-12309.02004
-12297.38563
-12273.53473
-12271.15771
-12233.26893
-12235.98017
-12246.36898
-12223.94834
-12206.50660
-12150.76967
-12180.51211
-12256.57660
-12236.33770
-12226.76689
-12303.78372
-12238.78641
-12313.45834
-12321.17900
-12212.81697
-12186.92777
-12217.27040
-12217.53259
-12246.21772
-12213.92677
-12226.39466
-12227.54576
-12163.24174
-12229.82002
-12237.06481
-12219.19687
-12202.63528
-12177.78027
-12251.83693
-12204.36682
-12273.57731
-12271.42102
-12291.64399
-12307.61564
-12295.08945
-12273.07209
-12294.51493
-12248.43033
-12233.93094
-12208.25777
-12251.21831
-12235.09352
-12188.44890
-12231.90136
-12283.92320
-12268.08345
-12253.37627
-12215.14727
-12265.94631
-12214.44487
-12185.98758
-12197.37632
-12254.42033
-12214.54233
-12296.24266
-12183.68331
-12244.86994
-12316.84585
-12287.81628
-12260.39432
-12311.07287
-12348.56781
-12307.03099
-12312.53636
-12311.71089
-12343.59319
-12299.11793
-12261.11549
-12261.25528
-12244.62793
-12276.75239
-12318.42866
-12271.35616
-12287.86497
-12279.95392
-12215.03715
-12271.11358
-12257.33074
-12263.31122
-12200.97606
-12241.22508
-12243.18929
-12265.21773
-12264.51318
-12294.85010
-12228.10514
-12252.98408
-12277.01875
-12225.23403
-12202.26250
-12196.66906
-12210.65590
-12188.39505
-12268.30918
-12273.49574
-12299.18677
-12343.95974
-12261.24294
-12286.11539
-12304.92053
-12263.90558
-12243.82653
-12232.68956
-12239.79539
-12292.40464
-12274.20445
-12262.20580
-12200.29002
-12212.64359
-12231.17815
-12242.96460
-12261.19871
-12288.55478
-12251.21778
-12283.61580
-12351.93645
-12328.85332
-12306.40467
-12280.89961
-12245.79929
-12208.07341
-12253.37318
-12254.38326
-12241.58220
-12218.76380
-12198.54655
-12265.02486
-12173.82559
-12216.89191
-12160.28688
-12294.43430
-12295.99789
-12257.32843
-12241.97036
-12192.74605
-12265.62510
-12281.41247
-12208.25475
-12292.31913
-12287.60283
-12320.04832
-12322.23898
-12306.41319
-12378.12153
-12397.16327
-12351.27314
-12378.01305
-12325.75313
-12337.84435
-12349.49043
-12304.98644
-12345.05146
-12306.01110
-12308.53188
-12353.34438
-12301.49089
-12291.26739
-12287.49222
-12246.35877
-12281.94062
-12266.14671
-12296.11340
-12264.42461
-12306.64496
-12341.91281
-12355.63588
-12362.00462
-12362.45014
-12316.91080
-12357.30046
-12347.40677
-12269.46972
-12241.93040
-12248.18735
-12227.60636
-12259.98027
-12283.69736
-12341.14238
-12293.50101
-12255.03188
-12281.04729
-12250.21078
-12314.90430
-12279.22327
-12237.70731
-12286.91598
-12300.04410
-12255.12564
-12288.22357
-12206.39542
-12287.56175
-12196.60348
-12274.79242
-12325.35768
-12348.62962
-12320.32279
-12329.23774
-12396.43222
-12274.97830
-12339.22171
-12322.58588
-12407.58284
-12355.31438
-12352.09079
-12361.32673
-12308.02455
-12309.12050
-12346.70007
-12303.66773
-12341.65375
-12250.65501
-12259.08059
-12250.58748
-12267.01793
-12241.68808
-12257.52681
-12216.78419
-12237.91818
-12245.51890
-12252.24014
-12220.89922
-12181.26276
-12224.07911
-12193.88640
-12160.51335
-12225.99911
-12185.50828
-12278.07203
-12263.01860
-12214.62982
-12244.87088
-12253.57714
-12317.24117
-12382.91027
-12321.46236
-12325.79737
-12358.66526
-12285.19092
-12331.86595
-12285.11344
-12369.59668
-12297.79607
-12212.55076
-12192.58064
-12180.01110
-12186.04087
-12245.65815
-12290.12938
-12239.04819
-12245.16226
-12285.37274
-12242.98385
-12313.03414
-12319.19184
-12361.41919
-12375.39794
-12414.83548
-12380.83378
-12380.68680
-12303.26671
-12277.26928
-12262.32198
-12262.18974
-12322.15906
-12199.42914
-12275.86280
-12234.95587
-12255.83569
-12266.05294
-12268.57519
-12269.77206
-12251.24494
-12247.64540
-12342.47308
-12312.01107
-12334.32501
-12315.88912
-12354.98366
-12282.65413
-12328.59019
-12347.29619
-12292.34777
-12343.16179
-12259.12107
-12212.67248
-12241.34260
-12224.06711
-12282.02206
-12237.05842
-12261.48417
-12284.21951
-12313.17262
-12292.61133
-12291.30957
-12253.11341
-12308.50564
-12299.50286
-12269.53531
-12273.83751
-12278.21810
-12272.47749
-12200.95304
-12165.72656
-12230.94839
-12297.42887
-12243.29160
-12204.89016
-12258.19408
-12185.18310
-12236.48639
-12253.09134
-12230.67457
-12288.71742
-12264.80798
-12279.31126
-12263.33140
-12291.75824
-12310.77526
-12304.98982
-12395.83588
-12398.66079
-12374.18022
-12414.59819
-12425.14000
-12386.95954
-12362.77584
-12307.53502
-12362.48115
-12319.38716
-12341.82835
-12401.67665
-12322.81008
-12319.89124
-12289.60161
-12268.68410
-12286.16079
-12217.31711
-12365.44674
-12332.31469
-12318.05941
-12319.09328
-12332.72664
-12279.27764
-12273.06503
-12204.52147
-12211.48035
-12334.80234
-12256.31105
-12238.51801
-12223.29136
-12205.41176
-12260.92261
-12263.97506
-12227.93052
-12267.73706
-12227.23510
-12169.98112
-12181.44988
-12193.56148
-12183.14600
-12232.39465
-12281.72627
-12182.53918
-12294.75969
-12249.90345
-12306.17760
-12293.55116
-12289.45096
-12259.82225
-12324.45311
-12285.56009
-12359.66065
-12268.33953
-12231.62285
-12221.53693
-12234.46302
-12291.76796
-12294.33125
-12288.35657
-12259.56891
-12322.35955
-12322.66115
-12277.20664
-12323.15532
-12307.58168
-12325.65608
-12288.13251
-12321.95792
-12293.95246
-12313.12483
-12235.78477
-12209.24797
-12249.00323
-12191.09618
-12251.43913
-12261.44217
-12214.82586
-12201.57541
-12274.33526
-12230.59257
-12244.71563
-12240.52809
-12281.84200
-12283.03810
-12328.90426
-12287.15807
-12230.76097
-12247.33812
-12290.33257
-12332.32273
-12297.51998
-12259.71253
-12321.56338
-12270.98803
-12303.46806
-12282.13854
-12284.31246
-12231.12135
-12244.61678
-12270.03458
-12227.37076
-12268.61450
-12240.18115
-12291.95771
-12326.07799
-12323.02110
-12287.15144
-12283.33630
-12288.89076
-12342.88412
-12245.65713
-12216.86137
-12217.90010
-12231.30081
-12282.02258
-12217.39636
-12217.87767
-12255.94205
-12277.41071
-12298.14783
-12298.62654
-12311.04678
-12283.42402
-12277.86515
-12311.92838
-12306.53489
-12308.88313
-12224.53166
-12312.37680
-12203.10602
-12214.00053
-12207.52546
-12264.23197
-12234.48786
-12246.02215
-12241.95556
-12202.67628
-12282.11956
-12312.05161
-12392.24800
-12320.51631
-12298.41217
-12183.88265
-12247.03847
-12250.79800
-12322.85838
-12381.71386
-12300.00405
-12345.13966
-12266.09659
-12307.34608
-12298.84174
-12316.30668
-12334.30460
-12325.37012
-12260.33374
-12267.67885
-12303.77853
-12286.74681
-12346.16250
-12301.49124
-12261.77369
-12274.76246
-12190.87192
-12344.39913
-12287.23510
-12302.29907
-12281.55260
-12286.02318
-12222.69437
-12228.53879
-12220.92774
-12215.98124
-12265.44035
-12269.93566
-12297.56979
-12209.63061
-12258.32104
-12262.17526
-12231.23235
-12256.64982
-12302.14136
-12288.61941
-12317.55647
-12309.94716
-12260.47329
-12270.60802
-12219.94829
-12256.36428
-12204.42377
-12289.03910
-12210.64633
-12273.31357
-12223.26180
-12298.34679
-12280.07606
-12257.63563
-12317.17043
-12221.81909
-12205.61242
-12192.97826
-12274.78532
-12224.07915
-12185.39973
-12212.84714
-12203.80886
-12262.06852
-12352.60067
-12312.60717
-12219.76155
-12251.80952
-12180.16639
-12162.93864
-12174.97375
-12157.90578
-12231.24733
-12212.18393
-12242.18228
-12243.43993
-12215.71217
-12265.18230
-12288.02719
-12285.27338
-12328.04216
-12295.09288
-12288.08317
-12346.42455
-12375.56299
-12350.53153
-12326.14190
-12301.39409
-12256.88574
-12234.12885
-12192.83878
-12234.09062
-12274.72398
-12258.63056
-12242.31082
-12257.17948
-12311.91721
-12254.78676
-12263.88338
-12304.48770
-12242.01192
-12304.44889
-12326.93922
-12299.64492
-12308.34148
-12194.15231
-12286.46309
-12308.52152
-12274.90948
-12270.42658
-12361.89672
-12320.56081
-12288.98686
-12258.30279
-12313.65720
-12294.63250
-12307.75692
-12359.58054
-12307.76085
-12276.22383
-12204.57798
-12268.41990
-12347.48517
-12220.02161
-12246.56042
-12333.36078
-12225.14731
-12235.47272
-12242.61427
-12184.68148
-12146.19673
-12156.32533
-12199.40039
-12266.37375
-12235.94088
-12251.43760
-12314.38557
-12303.75925
-12293.49584
-12303.50806
-12315.48141
-12304.29507
-12342.59627
-12320.55455
-12256.35760
-12264.58607
-12248.42932
-12203.19131
-12226.61233
-12277.11698
-12258.87324
-12248.42632
-12294.42817
-12282.73242
-12248.75932
-12291.52250
-12279.15313
-12243.43908
-12254.29915
-12213.03091
-12257.80748
-12248.57801
-12307.48634
-12249.53111
-12250.19023
-12223.73552
-12283.11967
-12289.66992
-12326.33521
-12261.57327
-12262.73390
-12239.05674
-12243.50154
-12230.70264
-12194.95644
-12144.66094
-12141.82336
-12218.71396
-12259.67511
-12262.96966
-12305.93177
-12224.12591
-12256.88650
-12324.44374
-12274.23001
-12326.62325
-12359.18188
-12475.99734
-12430.68262
-12354.58268
-12346.28074
-12388.89957
-12376.59751
-12362.50523
-12374.26435
-12348.86072
-12289.33984
-12321.18631
-12342.55302
-12289.12810
-12327.99640
-12307.14892
-12266.33692
-12297.03484
-12262.05135
-12269.01926
-12208.85182
-12241.55905
-12301.69223
-12269.29463
-12273.98990
-12324.23568
-12319.19743
-12295.73868
-12304.39004
-12319.96292
-12223.92605
-12284.01598
-12296.00406
-12329.75414
-12330.17287
-12339.37230
-12334.04995
-12340.99505
-12300.77414
-12286.66507
-12303.67374
-12261.86484
-12225.56661
-12287.60381
-12348.16428
-12267.46782
-12265.89198
-12240.84285
-12277.47060
-12272.92149
-12208.91783
-12225.73642
-12223.82055
-12256.83061
-12244.05976
-12320.24884
-12322.66222
-12335.95429
-12275.67251
-12254.95953
-12229.57398
-12316.44462
-12217.32702
-12247.64871
-12262.99338
-12193.64940
-12220.74302
-12209.46062
-12322.78256
-12331.21304
-12336.09218
-12325.82838
-12248.94112
-12305.60133
-12308.67422
-12327.25034
-12301.22305
-12217.56652
-12253.93864
-12247.44271
-12214.53903
-12282.06701
-12311.08644
-12295.27411
-12250.51200
-12218.55981
-12296.85966
-12268.34300
-12314.03930
-12302.26415
-12267.81323
-12278.18265
-12304.74993
-12334.23760
-12296.96188
-12316.40149
-12236.78275
-12311.02516
-12286.63054
-12267.49665
-12248.25416
-12284.75847
-12346.07015
-12257.24262
-12326.14131
-12333.51483
-12278.48382
-12282.05830
-12307.99276
-12270.52511
-12297.59608
-12322.19312
-12205.31055
-12215.24622
-12241.88736
-12216.61991
-12221.51360
-12257.92582
-12275.38098
-12249.34557
-12321.24568
-12257.74883
-12287.86246
-12353.30111
-12359.00209
-12358.80742
-12346.30278
-12333.51884
-12307.16200
-12230.06512
-12372.20699
-12379.05325
-12412.04155
-12399.58992
-12332.48586
-12293.98684
-12273.53112
-12324.26471
-12288.14121
-12325.28950
-12291.02978
-12276.50886
-12339.99214
-12307.49217
-12326.44886
-12365.96583
-12327.42437
-12364.10649
-12431.76398
-12392.12649
-12393.91902
-12338.10762
-12397.66415
-12327.27916
-12294.51724
-12297.66408
-12242.19271
-12270.69340
-12316.19233
-12220.96164
-12256.60115
-12269.91003
-12289.14849
-12265.62860
-12244.88341
-12263.90115
-12281.39698
-12247.42021
-12220.78745
-12231.54629
-12298.33227
-12287.61456
-12242.56169
-12321.30066
-12277.87538
-12277.04228
-12370.22041
-12328.05208
-12249.98751
-12376.32759
-12351.88797
-12270.76486
-12243.27752
-12319.02037
-12302.21556
-12298.39699
-12277.73163
-12205.65817
-12257.47401
-12217.02327
-12166.98035
-12239.93519
-12235.94245
-12261.98273
-12266.29651
-12289.93553
-12354.70948
-12365.64786
-12319.99132
-12258.93956
-12327.88438
-12336.97266
-12308.88452
-12344.53291
-12359.49768
-12284.90635
-12233.98748
-12213.30216
-12345.47578
-12260.70701
-12318.93846
-12289.71712
-12183.83087
-12172.30514
-12211.18189
-12207.92414
-12212.46176
-12246.70087
-12224.60167
-12312.54496
-12328.27332
-12379.77887
-12305.08270
-12348.21812
-12326.17235
-12296.05346
-12298.84056
-12302.34524
-12293.60624
-12249.11700
-12286.14954
-12247.32354
-12307.78698
-12277.65181
-12289.79691
-12275.42061
-12259.06000
-12190.32978
-12221.21400
-12291.60124
-12217.07142
-12260.39385
-12286.48619
-12277.68282
-12249.15175
-12299.89419
-12253.40097
-12229.42727
-12215.83870
-12251.63685
-12208.86119
-12275.14800
-12252.80504
-12308.86432
-12358.07740
-12311.56001
-12330.34263
-12308.55337
-12404.88201
-12373.12337
-12307.00971
-12339.02161
-12333.60009
-12369.01235
-12309.95645
-12269.73229
-12247.09265
-12195.35137
-12251.82580
-12238.35502
-12308.99386
-12260.70291
-12272.21138
-12308.44790
-12217.08308
-12267.02216
-12359.21773
-12360.23997
-12333.89067
-12335.73578
-12338.01504
-12273.09649
-12293.66434
-12408.20471
-12391.47914
-12363.98463
-12318.34824
-12382.90962
-12342.49427
-12344.55444
-12298.57799
-12278.60193
-12273.36210
-12346.90591
-12283.46839
-12264.03478
-12324.39272
-12296.03869
-12301.12529
-12345.11837
-12286.27456
-12243.05436
-12266.52160
-12289.11839
-12272.38570
-12278.44651
-12265.21670
-12206.61715
-12215.59078
-12142.21647
-12215.74414
-12226.52756
-12147.18584
-12178.80638
-12161.62388
-12185.04114
-12234.27939
-12212.42637
-12251.63050
-12316.61748
-12239.45241
-12249.65712
-12319.46116
-12217.38427
-12308.75930
-12241.58707
-12226.99833
-12224.74656
-12280.07034
-12289.41864
-12245.95910
-12278.53679
-12263.63506
-12272.61518
-12249.53234
-12274.27544
-12288.14661
-12260.26628
-12210.04421
-12133.05755
-12219.19671
-12240.45964
-12296.25910
-12241.64053
-12300.67821
-12207.53024
-12172.71435
-12211.63172
-12266.83235
-12229.96984
-12281.73586
-12255.92687
-12243.69216
-12333.95523
-12374.19833
-12286.22734
-12332.30509
-12261.07287
-12299.36827
-12241.08557
-12303.66858
-12279.67082
-12266.24365
-12270.00295
-12200.53882
-12255.28234
-12230.17574
-12228.93422
-12324.29786
-12271.98038
-12271.72591
-12317.77872
-12338.43864
-12322.10362
-12319.48698
-12313.62689
-12373.32149
-12301.70472
-12287.00095
-12334.39230
-12327.03300
-12274.58534
-12242.00533
-12307.32231
-12321.15829
-12261.40256
-12298.16419
-12241.97165
-12272.32502
-12229.83497
-12233.31228
-12182.70335
-12319.16334
-12251.69746
-12341.87426
-12300.49658
-12376.11289
-12311.57267
-12333.79399
-12280.61100
-12270.51023
-12262.37426
-12290.69928
-12220.75765
-12174.28253
-12114.47424
-12168.64992
-12229.70359
-12183.42060
-12195.57868
-12241.70162
-12226.30315
-12294.72750
-12303.22741
-12302.13019
-12344.89822
-12250.01600
-12222.06550
-12211.17709
-12242.32611
-12209.06396
-12170.34009
-12259.39409
-12231.49738
-12244.77743
-12222.69250
-12243.56563
-12263.91010
-12277.71807
-12308.47226
-12234.61815
-12264.08912
-12238.35953
-12268.23416
-12286.33855
-12310.09890
-12283.90539
-12229.67506
-12288.86381
-12320.64340
-12277.10567
-12291.74186
-12278.84229
-12306.07693
-12191.91450
-12247.76833
-12177.67894
-12286.28344
-12215.32378
-12205.68220
-12248.03467
-12278.26639
-12284.17557
-12177.26961
-12174.24221
-12145.66382
-12184.12440
-12184.65229
-12204.69401
-12195.79602
-12245.87657
-12217.35822
-12244.57856
-12259.16351
-12254.43724
-12276.85376
-12229.02139
-12235.69165
-12251.71085
-12284.08489
-12254.96374
-12267.63548
-12226.87286
-12292.33655
-12210.71740
-12258.27718
-12289.18952
-12297.18616
-12302.65257
-12275.82604
-12278.70911
-12236.30402
-12200.52816
-12140.17637
-12151.27677
-12174.47668
-12142.74282
-12200.69504
-12174.94287
-12176.29450
-12248.61902
-12252.43450
-12265.07671
-12282.55379
-12257.51582
-12279.58657
-12312.61647
-12325.16860
-12325.48032
-12297.01863
-12282.15427
-12300.73073
-12246.68935
-12243.07648
-12273.36487
-12313.02629
-12216.96179
-12249.91348
-12194.93761
-12199.39506
-12145.96042
-12129.26575
-12152.99611
-12148.59728
-12163.55016
-12162.24955
-12246.96331
-12233.47206
-12337.37020
-12250.96732
-12228.94224
-12210.44979
-12230.19810
-12256.48835
-12287.13957
-12327.34984
-12346.56199
-12340.85454
-12312.30989
-12295.62336
-12231.08938
-12270.37720
-12273.41662
-12314.91717
-12333.50333
-12240.10205
-12248.02972
-12270.72535
-12276.33614
-12282.80204
-12312.84216
-12234.63429
-12324.65939
-12341.27648
-12276.27372
-12260.90192
-12265.52962
-12222.37078
-12273.48629
-12290.34888
-12314.95050
-12308.11743
-12331.26487
-12402.67661
-12326.17319
-12343.15758
-12357.65657
-12349.63090
-12308.21290
-12315.12938
-12237.62272
-12258.71963
-12314.90549
-12301.54241
-12292.66046
-12302.49701
-12289.91565
-12334.56089
-12334.10134
-12399.61722
-12363.46195
-12347.49628
-12377.65711
-12306.88310
-12250.02856
-12260.20196
-12270.76835
-12258.04590
-12280.87596
-12312.12598
-12300.58724
-12294.76809
-12283.67265
-12276.91426
-12240.87376
-12261.70591
-12332.11914
-12254.75704
-12278.15566
-12274.20513
-12267.26167
-12261.62901
-12293.82522
-12260.39938
-12253.70390
-12221.59824
-12299.95900
-12269.37078
-12210.63678
-12233.45322
-12170.98753
-12220.54232
-12267.52430
-12271.09949
-12278.34075
-12258.68767
-12236.00170
-12247.72988
-12325.07186
-12304.85258
-12305.49240
-12332.85918
-12355.89144
-12321.31811
-12321.86022
-12355.70218
-12289.45819
-12331.68559
-12301.76102
-12291.85484
-12260.91272
-12306.68957
-12224.78669
-12187.11370
-12195.12349
-12222.79145
-12184.89581
-12257.91635
-12253.50398
-12272.23350
-12244.69361
