29933.35060
29933.35060
29988.16523
29906.39620
29906.05783
29884.99973
30085.01311
30085.01311
30036.69143
30075.36957
30075.36957
30087.13406
30087.13406
29992.10847
30279.75449
30313.12760
30313.12760
30477.11256
30182.37683
30182.37683
30192.36115
30164.01157
30381.81072
30405.08428
30549.50514
30319.87493
30352.12046
30352.12046
30352.12046
30196.52249
30223.80855
30094.32913
29956.14763
30071.93153
30071.93153
30052.68953
30052.68953
30304.52740
30304.52740
30258.84069
30178.66714
30196.31337
30174.86704
29927.72692
29927.72692
29798.02188
29741.23956
29796.22868
30003.24444
30003.24444
30161.68940
29954.02733
29931.21178
29878.47234
29878.47234
30054.16231
30229.52396
30548.38111
30548.38111
30343.15086
30593.73720
30402.55019
30402.55019
30408.04197
30300.86701
30312.07170
30114.35285
30360.00376
30458.11223
30103.34861
29966.37968
30225.57760
30120.46817
30120.46817
30186.46172
30370.66716
30464.97218
30415.08602
30273.29851
30315.66965
30315.66965
29913.84694
29913.84694
29791.99793
29834.10411
29834.10411
29757.52426
29778.66079
29758.01127
29722.74258
29722.74258
29724.85862
29724.85862
29724.85862
29597.35361
29509.27251
29433.98084
29679.64716
29593.31904
29829.88197
29626.35678
29626.35678
29693.42288
29693.42288
29919.08468
30123.90229
29987.61485
29883.44071
29931.92037
29974.59874
30095.51754
30214.99272
30214.99272
30445.11439
30200.68939
29974.72443
30018.07589
30156.35433
30082.71786
30066.98694
29923.44107
29892.88895
30083.36316
30083.36316
29998.03402
29970.37346
29842.09080
30144.30233
29753.30948
29753.30948
29813.79881
29813.79881
29836.99105
29927.22059
30046.15391
30046.15391
30004.90150
30033.99847
30074.83119
30074.83119
29789.11996
29873.69387
30094.31341
29864.73243
29885.79248
29916.30040
29916.30040
29653.15423
29653.15423
29792.67093
29792.67093
29792.67093
29749.38128
29687.98768
29616.95356
29702.42828
29702.42828
29702.42828
29702.42828
29606.51774
29606.51774
29792.31300
29648.99292
29558.53413
29558.53413
29613.64926
29876.10052
29860.68558
29860.68558
29851.96766
30111.93077
30149.35136
30249.13546
30145.40579
30145.40579
30101.31319
30101.31319
29981.07089
29981.07089
29985.49221
29984.75896
29917.74088
29840.39528
29971.97209
29901.08351
29991.88270
29878.53826
29641.22028
29845.42698
29845.87121
29845.87121
29858.45684
30193.91132
30279.33899
30279.33899
30078.41571
29982.43843
29871.65167
29871.65167
29684.96435
29693.66328
29772.12448
29772.12448
29724.23511
29724.23511
29918.12983
29997.91101
30021.07195
29994.43058
30017.30530
30048.47017
29939.25621
29939.25621
29839.24113
30017.50359
30017.50359
30138.51682
30131.15856
30233.92265
30220.91683
30108.48753
30427.48063
30115.68288
29995.45644
30060.30819
30060.30819
30325.25448
30278.34556
30084.38852
30065.22256
30125.95234
30223.74574
30311.19479
30098.16706
30098.16706
30234.95906
30184.97167
30173.50556
30173.50556
30069.50034
30042.57922
30328.24169
30340.06885
30172.15210
30172.15210
30231.43353
30109.95274
30319.48742
30188.53661
29758.39203
29778.75692
29778.75692
29632.37952
29760.41939
29760.41939
29819.23152
29923.30781
29835.26311
29876.03203
29523.42473
29773.46688
29797.47924
29841.52282
29918.05512
29660.78778
29672.58778
29615.87798
29613.25596
29749.04062
29754.88859
29754.88859
29717.76248
29717.76248
29615.52541
29615.52541
29575.79282
29575.79282
29825.56460
29651.02808
29710.34189
29991.05537
29717.75101
29819.83507
29701.28331
29700.69850
29700.69850
29700.69850
29685.41379
29765.54657
29634.13748
29634.13748
29634.13748
30031.95191
30031.95191
30080.38900
30114.98874
30226.89027
30230.23437
30432.16502
30432.16502
30476.38913
30546.23713
30277.67571
30168.46131
30146.11410
30176.26633
30206.63945
30293.65678
30207.57892
30318.02045
30225.66681
30457.66171
30367.91590
30432.27268
30432.27268
30547.25244
30752.63680
30467.88631
30452.25106
30365.47987
30365.47987
30498.43722
30498.43722
30453.21492
30540.65795
30364.97594
30445.85338
30377.35435
30087.65562
30178.58932
29973.74163
30009.71119
30122.70663
30116.72469
30116.72469
30286.07084
30043.41201
30149.65587
29951.17061
29845.56725
29845.56725
29700.49310
29774.48067
29804.93181
29804.93181
29822.23746
29822.23746
29733.55167
29918.44062
29918.44062
29928.93075
30214.67723
30038.34228
29844.80081
29844.80081
29844.80081
29844.80081
29844.80081
29925.96699
29893.21595
29893.21595
29820.60105
29833.76819
30138.83713
30138.83713
29998.13597
30122.23825
30253.41120
30253.41120
30182.12222
29928.69028
29928.69028
29901.24158
30177.33064
30082.66109
30198.47587
30145.43714
30393.93590
30535.98519
30271.78276
30343.79811
30189.02521
30189.02521
30129.69296
30371.41559
30168.28396
29968.61906
29968.61906
29891.55648
30243.25672
30423.89615
30183.67399
30186.65605
29919.86237
29928.22194
29928.22194
29928.22194
29882.01390
29882.01390
29794.26340
29998.25801
30046.43755
30046.43755
30046.43755
30042.36115
29943.59378
29909.64279
29948.94548
29890.65279
29890.65279
29878.34987
30019.32799
29940.22970
30098.28805
30393.65246
30196.73706
30196.73706
30418.91037
30418.91037
30349.33561
30296.89660
30513.41314
30513.41314
30328.58092
30254.43126
30254.43126
30397.23669
30406.75818
30406.75818
30177.14705
30016.76430
29978.74229
29981.61476
29995.19641
29954.99671
29956.80239
29956.80239
30045.56905
30221.96842
30221.96842
30078.06370
30143.69897
30143.69897
30143.69897
29952.09137
29952.09137
29942.71909
29828.56929
29828.56929
29937.29381
30051.56526
30222.41762
30092.68172
29920.88776
29920.88776
30063.85004
29864.81314
29864.81314
29864.81314
29864.81314
30077.89947
30077.89947
30077.89947
30061.94105
30082.51131
30276.12025
30190.98201
30135.49676
30135.49676
30078.06894
30078.06894
30164.74924
30164.74924
30115.89128
30115.89128
30271.17463
30271.17463
30432.33808
30365.84240
30507.87962
30586.16969
30586.16969
30821.76697
30624.56792
30538.10392
30538.10392
30587.76002
30587.80455
30407.76913
30308.42129
30483.66479
30483.66479
30606.27492
30506.96589
30527.35774
30420.66089
30177.43411
30031.31796
30031.31796
30031.31796
30066.96081
29839.44271
29881.60412
29881.60412
29909.85216
29990.61572
29767.38276
29661.28592
29709.81651
29995.36561
29995.36561
30205.42968
30203.12091
29905.49344
29996.87343
29964.11191
30105.28895
30280.88064
30269.46303
30176.76215
30176.76215
29891.19539
29817.12052
29591.97155
29731.35586
29734.19112
29734.19112
29701.99063
29683.39647
29746.58468
29783.22571
29783.22571
29943.39259
30103.17450
30042.73890
29810.49844
29810.49844
29855.39833
29766.09791
29622.54310
29593.63733
29706.48894
29779.74125
29610.45921
29445.02032
29445.02032
29568.90708
29998.42870
29823.05898
29961.31528
29961.31528
30036.18674
30036.18674
29889.26349
29868.65718
30126.23940
30126.23940
30095.94421
30281.20005
30395.25309
30578.88407
30578.88407
30461.22037
30614.35546
30695.13193
30543.19553
30390.87624
30472.14283
30203.09817
30203.09817
29979.11235
29970.73532
29970.73532
29927.56873
30200.46778
30200.46778
30217.65859
30217.65859
30217.65859
30350.30057
30350.30057
30043.26648
29978.41204
29800.90292
29800.90292
29949.44934
30114.81391
29943.46711
30163.00531
30222.75189
30155.97706
30026.63249
30088.81329
29952.38774
29952.38774
30077.96695
30077.96695
29630.61345
29542.34606
29690.81660
29617.73148
29687.29265
29645.96469
29524.97863
29524.97863
29541.76589
29769.99911
29799.29309
30122.48459
29927.38009
30107.13158
30073.65824
29993.63337
29913.46153
29913.46153
29913.46153
29913.46153
30219.08538
30142.49282
29929.56947
29882.71860
29792.46825
29721.08125
29660.92345
29861.52613
29861.52613
30029.61933
30210.35677
30210.35677
30021.79154
30021.79154
30216.59987
30216.59987
30094.25857
30130.38722
29943.74088
30050.42658
30246.86163
30246.86163
30269.65705
30269.65705
30387.92695
30742.86120
30846.91088
30702.13591
30596.70785
30498.93278
30354.18853
30097.20579
30372.73406
30527.75905
30454.73170
30454.73170
30454.73170
30454.73170
30380.82078
30449.07829
30297.64468
30297.64468
30341.58493
30221.54434
30356.57888
30194.13776
30019.41879
30019.41879
30054.90651
29853.09678
30060.33832
30060.33832
30082.37754
29996.65461
29974.08502
29936.56778
30009.23596
29968.18309
29954.32272
30067.95721
29975.87504
29975.87504
29937.55909
29993.69461
29890.83396
29890.83396
29887.94882
29837.06065
30324.11886
30224.22967
30152.61028
30049.84464
30075.99049
30305.45836
30229.27286
30245.02435
30245.02435
30245.02435
30317.42653
30231.48165
30231.48165
30345.07303
30195.83563
30195.83563
30122.44692
30122.44692
30243.76428
30230.88518
30275.39239
30369.69681
30314.92480
30059.63572
29865.07311
29865.07311
29821.66605
29821.66605
29865.50030
29761.55969
29863.00406
29934.97983
29713.16440
29816.24960
29816.24960
29816.24960
29809.12180
29809.12180
29943.13920
30051.89701
30138.41831
29931.83985
29874.09902
29967.05066
29700.76524
29700.76524
29700.76524
29946.12000
29848.72239
29976.40735
30045.24859
29875.76631
30111.39401
30292.88124
30065.77880
29949.94656
29678.27187
29678.27187
30057.03031
29889.65238
29930.84530
29994.01775
30251.03856
30251.03856
30244.15154
29996.32643
30251.74573
30251.74573
30210.32343
30442.28603
30407.82292
30407.82292
30013.68110
30104.64644
30067.25777
30067.25777
30056.47044
30192.64989
30207.97187
30207.97187
30207.97187
30207.97187
30027.38562
29829.87605
30184.76884
30184.76884
30141.83190
30141.83190
30189.73406
30042.42686
30042.42686
30002.05696
29710.13372
29710.13372
29746.72113
29781.53986
29959.35165
29834.32625
29832.03983
29832.03983
30034.57812
29785.92999
29879.48456
29877.20087
29699.76584
29699.76584
29706.17208
29686.08143
29628.10710
29803.46389
29803.46389
29846.70886
29795.49533
30003.34414
29817.53780
29817.53780
29827.32124
29817.13567
29935.20997
29867.52012
29867.52012
29818.12536
29660.41821
29660.41821
29662.59686
29662.59686
29662.59686
29440.20518
29440.87775
29440.87775
29303.04999
29303.04999
29497.77928
29495.45342
29610.45522
29763.17101
29954.55449
29931.24326
29897.94891
29757.44430
29946.72853
29946.72853
29950.64135
29898.27369
29869.01214
29639.48968
29803.40410
29811.99161
29813.28802
29813.28802
29846.83691
29814.04741
29863.30857
29863.30857
30112.13395
30217.69819
30158.98724
30194.86992
29932.49991
29932.49991
29988.29460
29949.52317
29949.52317
30100.64808
29981.59498
29846.13013
29888.51643
29888.51643
29791.09568
30060.10956
29934.57955
29934.57955
30263.37726
29952.77710
29729.61138
29729.61138
29871.72384
29871.72384
29871.72384
29871.72384
30050.87656
30050.87656
29888.79562
29888.79562
29906.35477
29967.66878
29967.66878
30094.72504
30161.39914
30161.39914
29971.56243
29870.54977
29972.45515
30187.61583
30056.09930
30056.09930
30000.77651
30000.77651
29699.22652
29699.22652
29699.22652
29749.67154
29825.46509
29825.46509
29779.22852
29608.10486
29606.61017
29606.61017
29485.48499
29702.52390
29535.17609
29315.77198
29315.77198
29389.24260
29550.71749
29619.31172
29728.27990
29728.27990
29880.90416
29880.90416
29880.90416
29880.90416
29880.90416
29752.62757
29899.73364
29899.73364
29989.09664
29841.10370
29963.02782
29963.02782
29986.16180
30001.81578
30001.29926
30094.27377
30188.09254
30082.94756
30072.26685
30072.26685
29943.68808
29888.65161
29888.65161
29888.65161
29843.05393
29990.34349
29928.77092
29928.77092
29778.45163
29778.45163
29778.45163
29778.58359
29843.77259
29829.73647
30103.62821
30012.43368
30085.45971
30128.94274
30128.94274
30255.38315
30058.88345
30058.88345
30130.33287
30187.94315
30187.94315
30187.94315
30209.96684
30209.96684
30184.22863
30175.26875
29973.10033
29870.91886
29926.90921
29907.15267
29832.15210
29832.15210
29832.15210
29656.27529
29954.13551
29954.13551
29979.53780
29957.78112
30161.28139
30105.90689
30117.06379
30056.07674
30056.07674
30090.44353
29893.57558
30012.98918
30012.98918
30015.94488
29787.97401
29787.97401
30032.19581
30063.58195
30051.69849
30132.38052
30132.38052
29950.33626
30219.92610
30219.92610
30091.09014
30016.70690
30016.70690
30005.04388
29833.78835
29952.84396
30143.87321
30261.00159
30196.86469
29996.73450
29996.73450
30031.65460
29855.74537
30092.71625
30092.71625
30092.71625
30271.42483
29975.68040
30187.48808
29938.94247
30001.20727
30162.53341
30162.53341
30163.99823
30163.99823
30283.45584
30482.09183
30361.43292
30184.90065
30324.32274
30207.10245
30002.18167
30046.86033
30113.51919
30042.99738
29911.65042
30206.77515
30206.77515
30206.77515
30206.77515
30118.10971
30277.88441
30070.99479
30070.99479
30087.08104
29874.87626
29756.99828
29756.99828
29756.99828
29756.99828
29747.25523
29962.36145
29936.21042
29631.23322
29631.23322
29627.02828
29627.02828
29380.71607
29519.49610
29721.64044
29721.64044
29721.64044
29721.64044
29721.64044
29721.64044
29999.93828
29887.35271
29887.35271
29887.35271
29887.35271
29887.35271
29887.35271
29507.09716
29593.59340
29637.42572
29428.66893
29657.38380
29603.19377
29634.78449
29631.86896
29646.83695
29874.33208
29832.58384
30089.15630
29990.31520
30064.89878
29821.14403
29847.19795
29976.38389
29912.50282
29750.26039
29750.26039
29725.66196
29895.12584
29978.24555
29766.07278
29680.22177
29848.20864
29620.70815
29675.81029
29675.81029
29457.19085
29457.19085
29734.72384
29805.45322
29805.45322
29805.45322
29823.73090
29709.86849
29709.86849
29758.24850
29674.91799
29712.74147
29590.39112
29673.51057
29740.86463
30015.54319
29991.46541
29745.57456
29745.57456
29955.66609
29955.66609
29928.42031
29928.42031
29928.42031
30000.32501
30035.47280
30035.47280
30235.53510
30453.24834
30370.40571
30480.10371
30480.10371
30392.14617
30341.79038
30251.13790
29950.20889
30232.65267
30113.42785
30251.28595
30316.32584
30372.17796
30411.68996
30299.38771
30480.40588
30480.40588
30622.45100
30520.22622
30125.00820
29824.97176
29882.95128
29847.65989
29847.65989
29935.49756
29776.12275
29981.20786
29744.25061
29744.25061
29488.04920
29379.82905
29669.18565
29874.29550
30023.35729
29983.69455
30241.59402
30358.57743
30358.57743
30358.57743
30397.83675
30138.22394
30080.67196
30050.00015
30329.45100
30221.06289
30395.06091
30383.82044
30138.22343
30259.91400
30235.96617
30287.84417
30096.79982
30005.49548
30186.03231
30373.62378
30354.15665
30283.59266
30283.59266
30283.59266
30314.56458
30343.98749
30094.01066
30094.01066
30178.08813
30178.08813
30178.08813
30178.08813
30218.19654
30010.00690
30081.89588
29882.60524
29990.39419
29882.72881
30116.81926
30116.81926
30116.81926
30078.27924
30040.44994
30031.13585
30136.51833
30121.23354
30226.71032
30152.76990
30098.23555
30098.23555
30000.21311
30231.34800
30231.34800
30264.98384
30269.87575
30425.31523
30425.31523
30391.31471
30308.43734
30413.76723
30138.61577
30209.90557
30275.13861
30275.13861
29891.77965
29949.74729
30123.82304
29862.45340
30031.92559
29909.01378
29924.92919
29924.92919
29955.10296
29955.10296
30027.77328
30027.77328
29858.02608
29785.55795
30079.00983
30079.00983
30079.00983
30018.89371
29906.26152
29925.00477
30053.03695
30147.76712
30349.85965
30469.81340
30443.36532
30443.36532
30789.38366
30555.14742
30555.14742
30555.14742
30555.14742
30510.71461
30564.92416
30663.57471
30411.90343
30411.90343
30323.06221
30232.83577
30333.60210
30346.95351
30387.92255
30153.05314
30256.18273
30321.86956
30264.33524
30330.08638
30444.74275
30285.41132
30172.25243
30172.25243
30172.25243
30041.54015
30172.29106
30172.29106
30070.65284
29966.08840
29828.93808
30065.57589
30222.55782
30133.44539
30351.15239
30351.15239
30388.49263
30388.49263
30376.65216
30460.56259
30446.84717
30446.84717
30572.50909
30537.46878
30493.59849
30493.59849
30493.59849
30372.32103
30108.26206
30189.85905
30291.57736
30394.66020
30394.66020
30280.16032
30207.17842
30040.53349
29924.66855
29692.98422
29770.12166
29770.12166
29839.49204
29916.52742
29951.20914
29982.70354
30047.51808
30043.95702
30032.61261
30051.61040
30268.61617
30178.27815
30127.26440
30091.10662
30231.67469
30200.54527
30110.32335
30246.83735
30246.83735
30161.48972
30138.91288
30094.44055
30068.84717
29997.79036
29997.79036
30032.31336
30017.08556
30218.71887
30367.90220
30192.01858
30233.34600
30326.69244
30326.69244
30298.97654
30134.85978
29870.22221
29857.68354
29857.68354
29857.68354
29861.50183
29919.80634
29768.40055
29768.40055
29844.90995
29896.31241
29896.31241
29794.80567
29855.50517
29690.83062
29690.83062
29690.83062
29847.64000
29781.77056
29781.77056
29931.31929
29961.14728
29961.14728
29961.14728
29923.92635
29923.92635
30151.69699
30008.83503
30008.83503
29911.36429
29868.29256
30011.02053
30108.54684
30057.93746
30149.39845
30149.39845
30302.77976
30320.29741
30321.13384
30156.83101
30301.03426
30301.03426
30363.66461
30228.34614
30273.91185
30178.45117
30076.83969
30080.71279
30080.71279
30080.71279
30108.05725
30109.48262
30109.18145
30265.37917
30265.37917
30099.54709
30099.54709
30099.54709
30412.11552
30424.30469
30434.06968
30306.52516
30056.30515
30031.98462
30101.80114
30101.80114
30096.58531
30258.81937
30225.58850
30387.25028
30447.16823
30222.08483
30095.13068
30241.59502
30142.37268
30132.84999
30378.28392
30412.40661
30183.35492
29994.58989
30074.38180
30006.06855
30207.38377
30176.94349
30239.67457
30239.67457
30216.14190
30216.14190
30022.28610
30203.17000
30203.17000
30142.07394
30040.68875
29838.84027
29838.84027
29838.84027
29741.29244
30024.11414
29849.81188
29854.46632
29854.46632
29738.98574
29881.64333
30009.02402
30070.79341
30120.15587
30025.01369
30044.43730
29981.56231
30003.14607
30022.91839
29908.00001
29759.43118
29759.43118
29759.43118
30084.65527
30297.29774
30421.25224
30191.48649
30298.63860
30155.16453
30155.16453
30394.13537
30268.78836
30073.80450
30073.80450
29845.65344
29885.78339
29961.19087
29946.03293
29946.03293
30015.74301
30205.98212
29793.14989
29893.37477
29926.37148
30006.31221
29952.79474
29842.79297
29842.79297
29880.17131
29597.86825
29597.86825
29595.19681
29589.35053
29505.76696
29562.17138
29565.79918
29534.59004
29534.59004
29787.34634
29717.76176
29838.06998
29838.06998
29819.16693
30069.27241
29847.33400
29920.86370
30104.65152
30104.65152
29800.53101
29808.16703
29788.07655
29774.23801
29607.37219
29723.05754
29853.19495
30020.80878
30110.52491
29900.35453
29803.38559
29887.42857
30135.35898
30327.43501
30327.43501
30094.64984
29991.44924
29991.44924
29988.05521
30101.62592
30033.62601
29937.55499
30082.57266
29820.60413
29755.49588
29833.80345
29692.43238
29726.47439
29726.47439
29873.11044
29803.82982
29803.82982
29856.85265
30119.95540
29950.20985
29882.90499
29882.90499
30007.25184
30007.25184
29746.93308
29746.93308
29750.48050
29674.63480
29481.27911
29633.40242
29651.42068
29725.42223
29725.42223
29899.52710
29899.52710
29899.52710
29886.27492
30121.32509
30026.40110
30026.40110
30026.40110
30132.18559
30029.61751
29976.11260
29976.11260
30122.37287
30039.73676
29979.36413
29918.43985
30092.59292
30246.48794
30256.95634
30273.95437
30267.89208
30100.06280
30163.51026
30163.51026
30341.17101
30341.17101
30245.60093
30118.84993
30100.61086
30172.51313
29923.27614
29939.17606
29839.13173
30093.60540
30093.60540
30090.10944
30142.89937
30196.61222
30136.51553
30145.41597
30181.19164
30208.70063
30192.07498
30425.23384
30384.60517
30287.68979
30406.70081
30354.58455
30311.14384
30114.10806
30082.96128
29848.84764
29941.81764
29949.18248
29840.16226
29747.60105
29699.94717
29699.94717
29648.50880
29620.41686
30020.20152
30020.20152
29893.16713
29893.16713
30087.67391
30171.76957
30163.72122
30100.30821
29928.86872
29783.81078
29888.78869
29753.92042
29877.29377
30141.45195
30117.99970
30094.06097
30071.48338
30071.48338
30056.75285
30056.75285
29713.46980
29713.46980
29465.68668
29489.63200
29489.63200
29638.98110
29851.06352
29851.06352
29729.36633
29980.36464
29980.36464
29722.88718
29538.93210
29538.93210
29729.30493
29713.70473
29786.03656
29829.19218
29815.57502
30061.57450
30061.57450
30061.57450
29991.70694
29991.70694
29991.70694
29695.00016
29762.73348
29762.73348
29628.89656
29567.37097
29773.73221
29820.02683
29892.54288
29889.64168
29765.57089
29650.84970
29945.62473
29990.67103
29984.53107
30172.44664
29977.95073
30202.35796
30118.84920
30066.75158
29997.22756
29786.79083
29786.79083
29602.17736
29686.05721
29884.22077
29970.41258
29970.41258
30108.33690
30126.35311
29914.40437
29914.40437
29914.40437
29914.40437
29914.40437
30168.33797
30111.73849
30111.73849
30125.46977
30166.54266
30192.07595
30148.93274
30024.51056
30024.51056
30067.15205
29822.14730
29776.43524
29776.43524
30021.61031
30015.14385
29999.33464
30073.06990
30073.06990
30065.46528
30081.55308
30081.55308
30580.71259
30562.43676
30562.43676
30437.02330
30104.57100
30104.57100
30038.54611
30085.77880
30107.94054
30025.83465
30023.24527
30237.22169
30213.29579
30331.04117
30000.75238
30087.77683
30087.77683
30302.51314
30302.51314
30131.35847
30002.55284
30038.98187
30038.98187
30151.95650
30261.42590
30261.42590
30076.27032
30076.27032
30190.26354
30273.94976
30273.94976
30273.94976
30283.06355
30237.64752
30361.44342
30136.21813
30136.21813
30136.21813
30072.09450
30072.09450
29959.41155
29959.41155
30284.89754
30087.27774
30137.57577
30317.61353
29899.11282
29868.98178
30063.65360
30063.65360
29772.72021
29896.65011
29896.65011
30235.44203
30021.84391
30104.13627
30070.52262
30070.52262
29875.64118
29875.64118
29874.79641
29874.79641
29695.00996
29628.38939
29613.82154
29613.82154
29826.77888
29826.77888
29648.48161
29524.14804
30057.79560
30057.79560
29891.77879
29817.72646
29773.52250
29683.15632
29795.54868
29795.54868
29988.88860
29909.90267
29775.49231
29661.23245
29648.40165
29631.54471
29680.99154
29823.24242
29953.07534
29953.07534
30086.19121
30532.05791
30532.05791
30517.01818
30303.47911
30303.47911
30174.65595
30034.23095
30019.63741
30143.88678
30036.99244
29911.16923
30187.08758
30169.54992
30223.16207
30202.85767
30176.07580
30176.07580
30176.07580
30344.17965
30344.17965
30304.92987
30390.77398
30390.77398
30390.77398
30390.77398
30480.56511
30414.27916
30039.34181
30039.34181
30154.12894
30126.31722
29958.01450
30212.67962
30212.67962
30399.95004
30545.89108
30530.03168
30334.24992
30241.72751
30349.68424
30426.46491
30426.46491
30426.46491
30365.99526
30287.10066
30403.73740
30367.84844
30434.92202
30308.72787
30308.72787
30253.69673
30184.70639
30094.07019
30093.58638
29948.26423
29955.83594
29955.83594
29708.97785
29708.97785
29967.49480
29983.25550
29928.52051
29920.66009
29808.43086
29779.00377
29779.00377
29624.40170
29757.13003
29803.73021
29865.12031
29879.25551
29819.16197
29716.38144
29949.69408
29731.48423
29571.52216
29667.09394
29822.69562
29701.12845
29929.08817
29929.08817
29929.08817
29879.69361
29990.49227
29990.49227
29856.28170
29806.53103
29832.73859
29909.63547
29909.63547
29909.63547
29909.63547
30165.50919
30271.71006
30271.71006
30265.88314
30484.47220
30244.61101
30349.92324
30240.65902
30240.65902
30203.70201
30047.27625
30173.30302
30173.30302
30173.30302
29944.05192
29915.34265
29969.74358
29884.02422
29884.02422
29866.57828
29978.15974
29831.14938
29745.18083
29994.51233
30203.15398
30203.15398
30109.13497
29841.88648
29896.22611
29751.64657
29751.64657
30077.87654
30077.87654
30002.36731
30002.36731
29996.10143
30262.66005
30460.39322
30378.36578
30222.34116
30358.60659
30118.03561
30248.38771
30040.90622
30287.74792
30245.22521
30212.64808
29963.07919
29889.23488
29889.23488
30229.18642
30192.01929
30192.01929
30192.01929
30384.24519
30447.06693
30282.70806
29949.00213
29949.00213
29949.00213
29949.00213
29865.92283
29934.35957
29655.80961
29655.80961
29655.80961
29819.42728
29875.22883
29749.00976
29749.00976
29783.60392
29874.84311
30042.61445
30085.57213
29840.68114
29836.62767
29836.62767
29870.47456
29870.47456
30008.24623
29950.15317
29950.15317
29950.15317
29997.83835
30057.22583
29881.28124
29912.90024
29596.51887
29513.76851
29549.98109
29549.98109
29549.98109
29793.11828
29951.10245
29699.24211
29787.60540
29891.51048
29891.51048
30049.75956
30104.43321
30104.43321
30052.94813
30089.05846
30274.80264
30329.99648
30362.30094
30290.78292
30258.38576
30073.18269
29815.71403
29956.21314
30182.90303
30182.90303
30230.39712
30230.39712
30012.14313
29891.76928
29959.06667
30300.31927
30254.87703
