1.00291
1.00127
1.00015
1.00015
1.00568
1.01009
1.00939
1.00979
1.00449
0.99915
0.99915
0.99636
0.98161
0.98649
0.98912
0.98827
0.99052
0.98705
0.99212
0.99931
0.99931
1.00113
1.00292
1.00292
1.00292
0.99983
0.99581
0.99621
0.99621
0.99663
0.99663
0.99189
0.99333
0.99333
0.99593
0.99786
0.99786
0.98431
0.98431
0.99385
0.99308
0.99308
0.99530
0.99094
0.99328
0.99672
0.99797
0.99625
0.99611
0.99667
0.99741
0.99838
1.00403
1.00210
1.00278
0.99842
0.99780
0.99780
0.99416
0.99334
0.99678
0.99821
0.99220
0.99195
0.99195
0.98628
0.99105
0.99457
0.99991
1.00085
1.00058
0.99919
0.99972
0.99284
0.99284
1.00238
1.00238
1.00277
1.00483
1.00483
0.99798
0.99492
0.99492
0.99798
0.99780
0.99780
0.99522
0.98955
0.98955
0.98997
0.99014
0.98942
0.98942
0.99371
0.98783
0.99086
0.98920
0.99445
0.98866
0.98785
0.98679
0.98859
0.98626
0.99621
1.00718
1.00791
1.00707
1.00532
1.00532
1.00552
1.00971
1.01597
1.00851
1.00413
1.00413
1.00413
1.00637
1.00714
1.00714
1.00577
1.00622
0.99698
0.99968
0.99894
1.00443
1.00924
1.00924
1.00327
1.00138
0.99514
0.99162
0.99692
0.99396
0.99396
0.99396
0.99288
0.98674
0.98740
0.98273
0.98956
0.98379
0.99251
0.99914
0.99914
0.99914
0.99616
0.99513
0.99269
1.00166
1.00356
1.00343
1.00343
1.00809
1.00270
1.00502
1.00073
1.00293
1.00293
1.00105
0.99781
0.99781
0.99781
1.00355
1.00355
1.00283
1.00178
1.00178
1.00178
1.00263
1.00172
1.00729
1.00729
1.00500
1.00395
1.00395
0.99703
1.00213
1.00213
1.00213
0.99884
0.99353
0.99087
0.99333
0.99377
0.99475
0.99834
0.99498
0.99504
0.99504
0.98775
0.99061
0.99583
0.99583
0.99452
0.99885
0.99789
0.99440
0.99100
0.98996
0.99578
1.00397
0.99385
0.99567
0.99525
0.99525
1.00018
1.00576
1.00068
0.99685
0.99530
0.99522
0.99107
0.99069
0.98884
0.98174
0.98174
0.98174
0.98381
0.99305
0.99654
0.99654
0.99176
0.99831
1.00558
1.00558
1.00589
1.00855
0.99383
0.99383
0.99383
0.98882
0.99090
0.98827
0.99672
0.99408
0.99588
0.99418
0.99418
0.99418
0.99843
1.00089
0.99233
0.98989
0.98705
0.99091
0.99091
0.98286
0.98716
0.99057
0.99004
0.99004
0.99984
1.00650
1.00288
0.99681
1.00463
1.00571
1.00879
1.00157
1.00157
0.99978
0.99544
1.00140
1.01348
1.01571
1.01762
1.01023
1.00525
1.00525
1.00783
1.01003
1.00998
1.00410
1.00410
1.01213
1.01213
1.01216
1.01216
1.00786
1.01015
1.01015
1.00194
0.99715
0.99510
0.99510
0.99790
0.99014
0.98950
0.98950
0.99155
0.99155
0.98979
0.98979
0.99224
0.99695
0.99914
0.99435
0.99397
0.99397
0.98903
0.98869
0.99299
0.99299
0.99027
0.98748
0.99367
0.99367
0.99367
0.99367
0.99311
0.99713
1.00044
1.00568
0.99863
0.99863
1.00113
1.00316
1.00142
1.00142
1.00142
1.00142
0.99870
0.99870
0.99418
0.99016
0.98903
0.98903
0.98903
0.98903
0.99426
0.99668
0.99362
0.99398
0.98852
0.98553
0.99247
0.99247
0.99124
0.99795
1.00623
0.99738
1.00231
0.98732
0.99111
0.99091
0.99160
0.99430
0.99430
0.99083
0.98781
0.99017
0.98940
0.98993
0.99343
0.99343
0.99386
0.99363
1.00121
1.00487
1.00651
1.00381
1.00381
0.99805
0.99805
0.99771
0.99560
0.99560
0.99520
0.99647
0.99576
0.99576
0.98751
0.98169
0.98554
0.98554
0.99111
0.99622
0.99622
0.99622
0.98723
0.99524
0.98875
0.98420
0.98557
0.98762
0.98376
0.98277
0.98418
0.97964
0.98455
0.98367
0.99463
0.99028
0.99419
0.98350
0.98882
0.98475
0.98268
0.98268
0.98814
0.98814
0.99315
0.98885
0.99035
0.99455
0.99500
1.00321
1.00321
0.99740
0.99504
0.99621
0.99873
0.99818
0.99106
0.99106
0.99106
0.99106
0.99204
0.99047
0.99433
0.99162
0.99102
0.99469
0.99974
0.99595
1.00029
1.00029
1.00689
1.00025
1.00203
0.99249
0.99165
0.98914
0.99387
0.99678
0.98622
0.98622
0.98622
0.99560
0.99956
0.99956
0.99398
0.99458
0.99314
0.99832
0.99468
0.99468
0.99369
0.99369
0.99541
0.99768
0.99004
0.99004
0.99004
0.99004
0.99447
0.99447
0.99475
0.99475
0.99739
0.99101
0.99101
0.99261
0.99578
0.99578
1.00381
0.99486
0.99907
0.99713
0.99899
0.99899
0.99899
0.99591
0.99591
0.99595
0.99595
0.99090
1.00228
1.00675
1.01050
1.00155
0.99409
0.99341
0.99084
0.98991
0.98991
0.98846
0.98864
0.98864
0.99266
0.99266
0.98842
0.99185
0.99267
0.99267
0.99581
0.99581
0.99140
0.99518
0.99328
1.00813
0.99870
0.99369
0.99369
0.99765
0.99484
0.99213
0.99525
0.98383
0.98619
0.98619
0.99103
0.99474
0.99474
0.99540
0.98724
0.99109
0.98948
0.98958
0.99870
1.00637
1.00427
1.00043
1.00043
0.99781
1.00206
1.00861
0.99613
0.99357
0.99293
0.99174
0.99204
0.99204
1.00376
1.00376
1.00969
1.01077
1.01507
1.01093
1.01461
1.01087
1.01342
1.01342
1.01289
1.01103
1.00942
1.01165
1.00287
1.00536
1.01445
1.01071
1.01731
1.01671
1.01391
1.01391
1.00885
1.00885
1.00574
1.00574
1.00574
1.00574
1.00107
1.00378
1.01096
1.00127
1.00110
1.00334
1.00672
0.99677
0.99677
0.99398
0.99398
0.99989
0.99900
0.99607
0.99247
0.98984
0.98871
0.98871
0.98972
0.99961
0.99300
0.99149
0.98998
0.98998
0.99714
0.99678
0.99987
0.99252
0.99673
0.99925
1.00572
1.00501
1.01210
1.00970
1.00900
1.00939
1.00751
1.00697
1.00426
1.00426
1.00131
0.99896
0.99896
0.99896
0.99896
1.00109
0.99737
0.99367
0.98999
0.98869
0.99267
0.99415
0.99841
1.00849
1.00646
1.00516
1.00624
1.00610
1.00775
1.00775
0.99787
1.00101
0.99604
1.00088
1.00603
0.99964
1.00617
1.00623
1.00623
1.00487
1.00427
1.00707
0.99960
1.00866
1.01776
1.00944
1.00428
0.99543
1.00238
1.00238
0.99973
0.99973
0.99460
0.99626
0.99529
0.99529
0.99862
1.00419
1.00150
1.00150
1.00047
1.00352
1.00776
1.00887
1.00836
1.00723
1.00679
1.00679
1.00356
1.00057
1.01173
1.01173
1.01061
1.01061
1.01013
1.01013
1.01491
1.01491
1.01486
1.01486
1.01617
1.01617
1.01301
1.00825
1.01048
1.00153
1.00555
1.00196
1.00798
1.00923
1.00923
1.01147
1.00582
1.00582
1.00270
1.00546
1.01146
1.01146
1.00308
0.99704
0.99643
0.99643
0.99582
1.00209
1.00209
1.00049
1.00049
1.00444
1.00053
1.00150
1.00150
1.00046
0.98859
0.98747
0.98479
0.98674
0.98859
0.98859
0.99773
1.00454
1.00454
1.00817
1.00085
1.00390
1.00322
1.00702
1.00702
1.01038
1.00623
1.00426
1.00195
1.00154
1.00360
0.99884
0.99884
1.00474
1.00280
0.99925
0.99251
0.99251
0.99182
0.99559
0.99559
0.99422
0.99491
0.99491
0.99697
0.99697
0.99697
0.99806
0.99939
1.00612
1.00528
1.00528
1.00286
1.00286
1.00262
1.00342
1.00342
1.00051
1.00185
1.00185
1.00307
1.00307
1.00307
0.99143
0.98754
0.98987
0.98987
0.98987
0.98934
0.98934
0.99435
0.99331
0.98105
0.98146
0.98146
0.98146
0.97703
0.98728
0.99520
1.00117
1.00117
1.00117
1.00065
0.99449
0.99806
1.00237
0.99864
0.99353
0.99642
0.99642
0.98063
0.98193
0.98919
0.99390
0.98566
0.98566
0.99407
0.99974
0.99204
0.99054
0.99425
0.99571
1.00111
0.99375
0.99603
0.99446
0.99980
0.99321
0.98536
0.98325
0.98151
0.98151
0.98151
0.98105
0.98534
0.98912
0.98147
0.97952
0.98472
0.98505
0.98505
0.97874
0.98975
0.99158
1.00105
0.99915
0.99805
1.00106
1.00033
1.00033
0.99807
1.00148
1.00734
0.99953
1.00797
1.00797
1.00143
1.00502
1.00495
1.00286
1.01074
1.00594
1.00818
1.00346
1.00548
1.00548
0.99798
0.99798
0.99869
1.00202
1.00254
1.00687
1.00687
1.00931
1.00036
1.00061
1.00061
1.00061
1.00391
1.00479
1.00302
1.00390
1.00868
1.00241
0.99864
0.99927
1.00232
1.00207
1.00207
0.99356
0.99448
0.98749
0.98638
0.98731
0.98496
0.98496
0.98574
0.98574
0.99198
0.98651
0.98991
0.99064
0.98944
0.98259
0.98987
0.99501
1.00117
1.00230
1.00143
1.00306
1.00468
1.00021
1.00215
1.00197
1.00174
0.99829
0.99829
0.99829
1.00507
1.00151
1.00783
1.00823
1.00349
0.99920
0.99685
0.99624
0.99278
0.99384
0.99469
0.99718
1.00114
0.99209
0.99235
1.00153
0.99764
1.00117
0.99764
0.99411
0.99023
0.99926
0.99926
0.99926
0.99962
0.99698
0.99353
0.99423
0.98789
0.97961
0.98575
0.98770
0.98432
0.98432
0.98432
0.98769
0.98273
0.98867
0.99342
0.99342
0.99934
1.00757
1.00907
1.00083
1.00024
0.98868
0.99333
0.98819
0.99700
1.00152
1.00152
1.00035
1.00272
1.00272
1.00383
1.00024
0.99775
0.99775
0.99775
0.99927
0.99908
1.00589
0.99157
0.99157
0.98754
0.98754
0.99280
0.99280
0.99280
0.99362
0.99750
0.99393
0.99393
0.99227
0.99892
0.99063
0.98875
0.98893
0.99226
1.00167
0.99866
0.99866
0.99866
0.99866
0.99866
0.99866
0.99611
0.99930
1.00035
0.99578
0.99752
0.99645
0.99979
0.99979
0.99459
0.99883
0.99757
1.00192
1.00210
1.00052
1.00052
0.99511
0.99421
0.99243
0.99243
0.99082
0.99082
0.99082
0.99383
0.99383
0.99706
0.99706
1.00284
1.00284
0.99171
0.99171
0.98771
0.98534
0.97764
0.97288
0.98438
0.99053
0.98558
0.98662
0.97920
0.97920
0.98057
0.98373
0.99659
0.99926
0.99926
0.99708
0.99890
1.00236
1.00236
1.00236
0.99412
0.99778
1.00617
1.00617
1.00011
0.99799
1.00025
0.99942
1.00236
1.00091
1.00132
1.00132
1.00042
1.00204
0.98951
0.98887
0.99074
0.99732
0.99777
0.99777
0.99506
0.99967
0.99687
0.99687
1.00110
1.00692
1.00629
1.00020
0.99921
0.99869
0.99930
1.00106
1.00760
1.00760
1.00038
0.99965
0.99808
0.99836
1.00547
0.99947
0.99947
0.99947
0.99829
0.99829
0.99827
0.99186
0.99805
0.99805
0.99875
0.99875
0.99875
0.99541
0.99631
0.99129
0.99553
0.99366
0.99136
1.00813
1.00707
0.99958
1.00599
1.00766
1.00766
1.00436
1.00714
1.00231
1.00060
1.00293
1.00351
0.99698
0.99464
0.99464
1.00331
1.00331
0.99388
0.99630
0.99630
1.00122
1.00233
1.00205
1.00164
1.00248
0.99668
1.00119
1.00119
1.00139
0.99720
0.99720
1.00070
1.00070
0.99489
1.00105
1.00105
1.00105
0.99795
0.99176
0.99051
0.99051
0.99524
0.99524
0.99524
0.99193
0.99535
0.99535
0.98105
0.98105
0.98346
0.98690
0.98690
0.98690
0.98690
0.98760
0.99057
0.98797
0.98972
0.99123
0.99273
0.99457
0.99898
0.99669
1.00216
1.00216
0.99498
0.99603
1.00001
1.00001
1.00472
1.00472
0.99770
1.00103
0.99390
0.99057
0.99006
0.99505
0.99759
0.99759
0.99863
0.99398
0.99398
0.99398
0.98423
0.99063
0.98960
0.98960
0.98960
0.99272
0.99027
0.99451
1.00091
1.00290
1.00122
0.99809
0.99893
0.99606
0.99606
1.00203
0.99889
0.99431
0.99734
0.99137
0.98753
0.98263
0.99896
0.99099
0.99974
0.99729
1.00358
1.00055
0.99847
0.99498
0.99498
1.00049
0.99453
0.99453
1.00681
1.00842
1.01639
1.02039
1.01482
1.01305
1.01282
1.00951
1.00892
1.00975
1.00883
1.00883
1.01238
1.01296
1.01189
1.00796
1.00689
1.00483
1.00321
1.00513
1.00513
0.99900
1.00044
0.99071
0.99071
0.99571
0.99384
0.99283
0.99283
1.00053
1.00053
0.99693
0.99372
0.99923
1.00732
1.00286
1.00263
1.00263
0.99146
0.99340
0.99794
1.00088
0.99742
0.99127
0.99205
0.98686
0.98686
0.98643
0.98702
0.98659
0.98564
0.97871
0.97637
0.98355
0.99255
0.99255
0.99244
0.98285
0.98285
0.99053
0.98309
0.98456
0.99338
0.99338
0.98467
0.98467
0.97512
0.97512
0.98191
0.98191
0.98478
0.99267
0.99500
0.99247
0.98844
0.98667
0.99010
0.99263
0.99329
0.99329
1.00232
1.00306
1.00306
1.00306
1.00079
0.99866
0.99258
0.99815
0.99815
1.00483
1.01085
1.00556
1.00805
1.00283
1.00283
1.00139
1.00437
1.00220
0.99871
0.99654
0.99212
1.00009
1.00152
1.00378
1.00101
1.00101
0.99711
0.99627
0.99951
0.99951
0.99094
0.99460
0.99460
0.99460
0.99460
0.99777
0.99434
0.99434
0.98704
0.98704
0.98736
0.98685
0.98810
0.98752
0.99174
0.99174
0.99174
0.99174
1.00233
0.99078
0.99630
0.99457
0.98533
0.98533
0.98364
0.99197
0.99253
0.99253
0.99300
0.99300
0.99720
0.99893
0.99893
0.99893
0.99977
0.99977
0.99498
1.00317
0.99609
0.99592
0.99907
0.99907
0.99670
0.99670
0.99478
0.99474
0.99503
0.98932
0.99800
0.99812
1.00008
0.99861
0.99404
0.99446
0.99446
0.99446
0.99478
0.99478
0.99987
0.99824
0.99231
0.99301
0.99301
0.99301
0.99684
0.99684
1.00111
1.00128
1.00231
1.00682
1.00294
1.00599
1.00294
1.00420
0.99844
0.99931
0.99927
1.00280
0.99893
0.99815
1.00192
1.00201
1.00743
1.00548
1.00548
1.00548
1.00839
1.00132
0.99902
0.99902
0.99902
0.99902
1.00285
0.99673
0.99673
1.00298
1.00298
0.99197
0.99849
0.99652
0.98920
0.99165
0.99013
0.99399
0.98642
0.98813
0.98724
0.99005
0.99627
0.99627
0.99531
0.99714
0.99817
1.00298
0.99478
0.99478
0.98604
0.98629
0.98629
0.99254
0.99254
1.00627
1.00108
0.99654
0.99074
0.98705
0.99041
0.99041
0.99582
0.99409
0.99409
0.99409
0.99409
0.99999
1.00466
1.00425
1.00425
1.00079
0.99637
0.99875
0.99546
0.99766
0.99588
0.98762
0.98492
0.98509
0.98774
0.98774
0.98627
0.98627
0.98627
0.98627
0.99468
0.99116
0.99116
0.99116
0.99701
0.99885
1.00071
1.00210
1.01330
1.00531
1.00597
1.00597
1.00597
1.00400
0.99612
0.99612
0.99149
0.98484
0.98262
0.99172
0.99195
0.99195
0.99557
0.99557
0.99070
0.99070
0.99227
0.99227
0.99507
0.98900
0.98881
0.98380
0.98471
0.98163
0.98495
0.98301
0.98301
0.98301
0.98650
0.98432
0.99562
0.98645
0.99638
0.99638
1.00110
0.99634
0.99634
0.99634
0.99443
0.99943
1.00056
1.00056
0.99727
0.99627
0.99627
0.99627
0.99866
0.99866
1.00536
1.00417
1.00307
1.00313
1.00313
1.00195
0.99828
0.99828
1.00197
1.00197
1.00006
0.99642
1.00398
1.00398
1.00084
1.00321
1.00282
0.99524
0.99219
0.99456
0.99997
1.00457
1.00421
1.00361
0.99430
0.99430
0.99430
0.99430
0.98706
0.98706
0.98965
0.98955
0.98955
0.99216
0.99174
0.98699
0.99253
0.98580
0.99294
0.99177
0.99903
0.99410
0.99833
0.99546
0.99674
0.99145
0.99294
0.98745
0.98237
0.98237
0.99014
0.98879
0.99780
1.00058
1.00058
0.99858
0.99858
1.00493
0.99665
0.99253
0.99706
0.99054
0.99054
0.98288
0.98288
0.97800
0.97800
0.98070
0.98880
0.98653
0.98850
0.97929
0.98722
0.98722
0.99396
0.98496
0.98113
0.98675
0.99051
0.99170
0.99324
0.99730
0.99730
0.99483
0.99483
0.99483
0.98909
0.98909
0.98798
0.99245
0.99361
0.99190
0.99492
0.98734
0.99366
0.99369
0.98971
0.99297
0.99400
0.99477
0.99091
0.98765
0.97791
0.98195
0.98182
0.98490
0.98623
0.98623
0.98704
0.98468
0.98358
0.98615
0.98615
0.99200
0.99187
0.99321
0.99361
0.99361
0.98443
0.98476
0.97966
0.97794
0.98495
0.98453
0.98762
0.98446
0.99050
0.98681
0.99668
0.99468
0.99468
0.99584
0.99524
0.99037
0.98396
0.98341
0.98365
0.98365
0.98602
0.99249
1.00226
1.00461
1.00132
1.00132
0.99528
0.99651
0.99241
0.99756
0.99756
0.99777
0.99115
0.99180
0.99517
0.99517
0.99244
0.99846
1.00267
1.00443
1.00276
1.00744
1.00142
1.00142
1.00218
1.00218
1.00236
0.99588
0.99661
0.99661
0.99950
0.99807
0.99807
0.99373
0.99951
1.00281
1.00281
0.99777
0.99284
0.99530
0.99530
1.00062
1.00126
1.00126
1.00126
1.00126
1.00126
1.00246
0.99252
0.99304
0.99522
0.99522
1.00245
1.00124
1.00529
1.00529
1.00390
1.00390
1.00084
0.99798
1.00348
0.99867
1.00276
0.99844
0.99844
0.99844
0.99844
0.98988
0.98276
0.98276
0.99919
1.00281
1.00289
1.00289
0.99770
0.99690
0.98741
0.98741
0.98549
0.98895
0.98895
0.98953
0.99162
1.00284
0.99981
0.99849
0.99849
0.99849
0.99196
0.99951
1.00414
1.00291
0.99834
1.00007
1.00027
0.99142
0.99303
0.99303
0.99058
0.99636
0.99729
0.98993
0.99454
0.99375
0.99644
0.99212
0.99231
0.98968
0.99317
0.99439
0.99592
0.99276
0.99267
0.99267
0.99267
0.99674
0.99182
0.99182
0.98917
0.98922
0.99356
0.99356
0.98475
0.98431
0.98431
0.98960
0.98960
0.98390
0.98390
0.98468
0.97659
0.97345
0.97345
0.97407
0.98718
0.98718
0.98221
0.98484
0.97944
0.97944
0.97823
0.97823
0.97916
0.97916
0.97926
0.97926
0.98648
0.99459
0.99632
0.98967
0.99260
0.99015
0.99125
0.98867
0.99451
0.99451
0.99502
0.99402
0.99746
0.99692
0.99927
0.99875
0.99739
1.00261
1.00090
0.99680
1.00709
1.00501
1.00969
0.99769
0.99769
0.99984
0.99842
0.99842
0.99463
0.99463
0.99710
0.99710
0.99971
0.99753
0.99930
0.99588
0.98593
0.98930
0.98930
0.98634
0.99050
0.98895
0.98895
0.99122
0.98862
0.99024
0.99024
0.99217
0.98666
0.99616
1.00213
1.00186
0.99688
0.99746
0.99780
0.99897
0.99625
0.99965
0.99385
0.99409
0.98954
0.99397
0.99261
1.00250
1.00914
1.00914
1.01066
1.00936
1.00850
1.01040
1.01042
1.01042
1.00758
1.00758
1.00137
1.00137
1.01172
1.01172
1.01172
1.01172
1.00094
1.00094
1.00074
1.00074
1.00070
0.99782
0.99904
0.99831
1.00775
1.00189
1.00494
1.00494
0.99832
0.99832
0.99832
1.00294
1.00219
0.99823
0.99815
1.00371
0.99392
0.99002
0.99096
0.99096
0.99096
0.99059
0.99059
0.99059
0.99059
0.99059
1.00345
1.00275
1.00275
0.99351
0.99237
0.99237
0.99437
0.99812
0.99867
1.00201
1.00361
1.00373
0.99871
0.99976
1.00060
0.98844
0.99178
0.99178
0.99252
0.98843
0.98843
1.00129
0.99755
0.99916
0.99916
0.99386
1.00077
0.99941
1.00193
1.00404
1.01080
1.01370
1.01370
1.01370
1.00894
1.01277
1.01029
1.01028
1.00999
1.00844
1.00617
1.01227
1.01227
1.01227
1.00724
1.00685
1.00685
1.00475
1.00475
1.00171
0.99164
0.99164
0.99572
0.99387
0.99387
1.00380
1.00299
1.00735
1.00493
1.00666
0.99866
0.99900
1.00931
1.00931
1.01287
1.01173
1.00588
1.00415
1.00441
1.00241
1.00368
1.00368
1.00742
1.00218
1.00513
1.00826
1.00825
1.00307
1.00102
1.00102
1.00256
0.99560
0.98943
0.99379
0.99417
