-12268.77262
-12274.96676
-12279.90999
-12204.66543
-12357.42264
-12247.70746
-12291.64539
-12299.70870
-12282.68355
-12228.70287
-12241.32235
-12297.46773
-12317.16543
-12238.28874
-12253.47641
-12269.33453
-12253.40701
-12190.71506
-12243.11750
-12275.44421
-12328.06129
-12332.44252
-12368.72158
-12264.83072
-12259.65368
-12350.06956
-12352.19244
-12324.07847
-12309.71762
-12318.27000
-12337.60203
-12345.33913
-12327.40262
-12275.51860
-12257.21573
-12169.17472
-12234.52323
-12124.63636
-12201.49491
-12249.82806
-12243.05735
-12246.40414
-12246.90730
-12243.24107
-12235.74279
-12272.63528
-12273.91827
-12238.27024
-12260.69242
-12213.41064
-12230.70396
-12166.96146
-12231.86515
-12292.65788
-12219.68503
-12233.92413
-12326.58647
-12221.80057
-12287.23882
-12278.44062
-12240.86231
-12207.24378
-12200.21441
-12226.17586
-12290.58778
-12226.07030
-12296.67344
-12250.27930
-12232.15128
-12191.21854
-12304.20588
-12251.54205
-12267.78675
-12295.48104
-12295.76864
-12335.29790
-12329.26559
-12344.12837
-12264.30594
-12333.72947
-12222.96517
-12294.07283
-12219.92618
-12337.07068
-12300.48510
-12391.90661
-12312.47642
-12320.23092
-12336.27997
-12352.66432
-12277.68621
-12285.27026
-12291.69719
-12324.63661
-12298.98358
-12344.79247
-12274.90171
-12256.49720
-12280.42836
-12315.84031
-12263.52075
-12246.34725
-12234.05785
-12301.57084
-12285.17580
-12233.82280
-12240.16797
-12201.81815
-12194.33888
-12250.69011
-12266.71088
-12272.30456
-12210.61566
-12228.57236
-12275.87783
-12258.70057
-12261.17187
-12335.07083
-12337.89580
-12288.71583
-12270.09249
-12247.61503
-12282.85572
-12255.19637
-12221.00050
-12221.57074
-12261.54287
-12241.10655
-12194.82334
-12213.12657
-12198.12923
-12176.34082
-12243.13786
-12270.30677
-12285.54611
-12297.35971
-12303.50613
-12302.24039
-12304.49907
-12337.70270
-12271.94948
-12260.52356
-12310.91210
-12272.43029
-12278.39981
-12317.96791
-12317.19659
-12363.36147
-12348.98989
-12309.70197
-12322.72697
-12281.02210
-12256.48226
-12213.27218
-12210.57071
-12232.48573
-12281.35142
-12257.37038
-12280.77237
-12264.69637
-12225.00143
-12221.14739
-12272.25861
-12314.72822
-12330.87949
-12328.51492
-12309.59825
-12371.26400
-12390.61202
-12362.53456
-12344.93618
-12281.92274
-12318.29426
-12251.40759
-12323.05422
-12304.39967
-12253.59906
-12266.89531
-12224.73810
-12315.25969
-12295.66513
-12334.37063
-12310.00871
-12255.09419
-12334.67080
-12220.26031
-12249.39235
-12232.74937
-12324.27848
-12263.26905
-12244.98004
-12288.99996
-12263.68075
-12305.84477
-12309.65304
-12179.92946
-12178.58363
-12172.73234
-12189.27025
-12218.04501
-12247.45783
-12265.76674
-12284.98853
-12328.21195
-12284.09181
-12285.28248
-12221.04475
-12254.21141
-12265.17689
-12230.42606
-12254.39672
-12260.07368
-12270.66806
-12255.65412
-12277.77992
-12285.02826
-12253.58547
-12246.23734
-12304.24765
-12289.31762
-12214.76212
-12231.01027
-12212.35845
-12263.30585
-12222.56163
-12273.21769
-12225.80822
-12232.61996
-12225.13644
-12249.83024
-12172.66501
-12245.34815
-12176.40176
-12170.66746
-12213.81505
-12187.74719
-12197.07226
-12170.27779
-12195.05157
-12191.39163
-12280.96591
-12237.05070
-12224.49824
-12281.68972
-12243.64885
-12235.16654
-12219.66452
-12261.22045
-12277.12771
-12332.74994
-12301.45989
-12340.52307
-12298.13562
-12344.63450
-12280.71887
-12272.42270
-12249.16574
-12331.56001
-12270.75118
-12347.81616
-12284.44983
-12318.85882
-12315.38259
-12368.58358
-12297.99703
-12267.04095
-12325.91001
-12294.76084
-12298.57610
-12266.26211
-12270.38408
-12332.28647
-12272.37570
-12293.94133
-12281.79373
-12233.09095
-12240.14759
-12230.12261
-12177.07459
-12227.42051
-12133.74652
-12254.04617
-12210.76471
-12223.90602
-12242.18712
-12211.24162
-12222.96024
-12232.30451
-12236.10100
-12253.58263
-12232.20219
-12247.92014
-12234.86663
-12246.62913
-12257.13114
-12236.88758
-12291.69542
-12365.69793
-12293.48336
-12201.69500
-12298.59025
-12267.86648
-12304.91228
-12251.11598
-12251.66763
-12278.90392
-12269.98673
-12292.68995
-12208.89507
-12247.52591
-12182.00122
-12271.78994
-12265.82836
-12231.45742
-12286.50085
-12259.32643
-12294.71422
-12269.19792
-12308.72430
-12272.39196
-12273.80296
-12238.24625
-12268.28197
-12308.18755
-12277.08412
-12247.60017
-12260.73022
-12206.58782
-12265.23127
-12251.71757
-12230.93979
-12277.94615
-12206.98757
-12270.17749
-12207.63547
-12244.65480
-12205.77378
-12233.76579
-12249.48155
-12309.99181
-12238.22003
-12228.78118
-12189.49467
-12170.32840
-12191.98357
-12168.56526
-12197.17947
-12189.61184
-12267.77374
-12218.46750
-12260.11071
-12249.87153
-12284.74439
-12242.24734
-12215.89507
-12221.10221
-12244.94307
-12329.41278
-12244.79600
-12254.06781
-12194.55119
-12158.43200
-12183.14009
-12249.32851
-12286.15807
-12285.37159
-12295.25844
-12278.73967
-12318.89060
-12310.94053
-12328.29121
-12369.29547
-12290.78187
-12287.57641
-12271.67328
-12245.36852
-12243.06427
-12316.82177
-12210.78594
-12201.79034
-12254.88559
-12222.06367
-12254.42398
-12192.41399
-12210.22325
-12166.08725
-12218.12399
-12189.50671
-12258.69783
-12301.52868
-12279.59644
-12275.04230
-12289.00378
-12204.69569
-12277.94259
-12277.12200
-12288.78665
-12319.58708
-12351.74380
-12362.13581
-12382.05570
-12271.08736
-12263.10288
-12288.63293
-12296.42412
-12282.47074
-12322.98417
-12267.86768
-12236.66860
-12237.94332
-12235.59140
-12277.38340
-12296.93912
-12170.33692
-12212.92993
-12248.52154
-12264.14062
-12253.58589
-12304.83025
-12272.89046
-12331.38648
-12294.45743
-12303.32014
-12234.94420
-12238.73679
-12253.51520
-12236.62970
-12286.50645
-12303.11538
-12287.68393
-12307.39348
-12290.34121
-12259.76671
-12208.08000
-12359.10282
-12266.44903
-12240.03062
-12219.23172
-12238.24641
-12216.14606
-12191.73226
-12156.77356
-12178.35748
-12227.26747
-12222.74683
-12261.01233
-12195.44862
-12303.83832
-12304.21641
-12323.10668
-12317.65458
-12264.20847
-12315.91709
-12332.96693
-12350.09090
-12287.91765
-12353.35422
-12266.86576
-12269.26752
-12284.37661
-12265.01193
-12197.26249
-12197.41508
-12224.63970
-12283.11837
-12221.48007
-12268.56629
-12232.49364
-12254.67175
-12307.32842
-12329.04287
-12308.13373
-12218.19515
-12229.51225
-12200.55318
-12217.37230
-12234.42225
-12225.34884
-12170.89154
-12203.93671
-12256.72595
-12224.36592
-12203.19063
-12121.77481
-12140.10466
-12178.51216
-12158.82127
-12190.65313
-12204.75977
-12250.59769
-12212.15708
-12289.47267
-12329.37562
-12379.18231
-12394.91953
-12418.05466
-12334.10104
-12359.59192
-12306.82070
-12284.23596
-12304.06924
-12350.05088
-12388.00502
-12347.42545
-12314.48268
-12308.84174
-12246.53728
-12295.32689
-12266.33831
-12295.14904
-12299.01299
-12308.75576
-12306.77158
-12312.41345
-12308.04330
-12306.44571
-12314.14034
-12289.97418
-12296.82562
-12340.82413
-12285.27112
-12294.04751
-12215.82966
-12268.34427
-12295.11390
-12299.38015
-12319.20932
-12375.13862
-12343.31658
-12280.57893
-12352.70724
-12312.59828
-12264.15272
-12354.22185
-12260.35353
-12217.95207
-12183.49051
-12246.58993
-12200.84435
-12245.21043
-12238.62957
-12222.10358
-12167.36609
-12207.56639
-12176.62685
-12216.75620
-12245.23474
-12210.92800
-12282.27040
-12255.55486
-12271.51158
-12201.42690
-12257.93813
-12231.06175
-12303.42955
-12272.78657
-12291.32213
-12230.70593
-12268.22554
-12207.62178
-12237.72938
-12183.51826
-12188.40481
-12260.75137
-12231.38595
-12224.84863
-12191.13255
-12188.13141
-12242.09726
-12195.73155
-12165.31084
-12187.17069
-12236.02099
-12166.31669
-12230.29407
-12235.88808
-12249.33547
-12214.95643
-12235.42459
-12225.50198
-12164.29534
-12230.85326
-12233.72688
-12251.69269
-12269.63637
-12259.20084
-12243.77008
-12235.68060
-12225.21718
-12291.84833
-12259.62527
-12280.17754
-12297.41977
-12369.95087
-12227.57646
-12263.70177
-12361.92569
-12340.79435
-12343.26188
-12344.43588
-12361.48882
-12371.61390
-12322.82276
-12283.93944
-12346.69088
-12312.06064
-12299.99242
-12342.44426
-12288.33634
-12370.02634
-12333.11195
-12311.07921
-12302.33141
-12267.49034
-12275.12805
-12277.54066
-12275.54651
-12251.40048
-12222.28135
-12302.67635
-12256.50539
-12255.85608
-12242.96451
-12228.21200
-12234.11376
-12295.32919
-12219.43150
-12255.50860
-12275.90344
-12352.54369
-12257.95479
-12261.27831
-12214.59923
-12159.92250
-12202.89687
-12221.61009
-12234.12762
-12240.94476
-12321.88917
-12281.14416
-12279.58607
-12230.40933
-12276.52422
-12127.90151
-12241.07698
-12187.27385
-12205.12220
-12255.92686
-12255.54990
-12258.36975
-12226.31182
-12256.99006
-12201.03595
-12246.98721
-12256.66494
-12245.96568
-12314.30113
-12287.47731
-12305.52098
-12226.53442
-12310.48732
-12250.43371
-12248.04573
-12181.59076
-12246.49094
-12231.48462
-12254.97481
-12279.47500
-12331.27220
-12304.82515
-12318.92563
-12315.80365
-12253.18394
-12271.81434
-12314.20975
-12274.78189
-12339.92934
-12262.87926
-12331.40362
-12308.33347
-12285.52960
-12249.50331
-12262.98355
-12323.18663
-12363.33897
-12354.17401
-12300.54133
-12314.76455
-12303.54273
-12360.18985
-12358.39036
-12328.86609
-12391.03610
-12350.35254
-12287.79599
-12294.15204
-12360.97350
-12329.51255
-12287.75782
-12299.62036
-12300.38608
-12277.86546
-12306.20585
-12218.73378
-12239.57874
-12229.69405
-12209.47365
-12210.60824
-12236.46019
-12200.78865
-12201.51828
-12221.56298
-12283.99249
-12305.56863
-12332.21073
-12323.68586
-12279.61462
-12330.90758
-12258.34994
-12259.07824
-12372.00234
-12266.70314
-12287.56935
-12294.28929
-12214.13123
-12242.10250
-12290.95712
-12275.83682
-12276.88921
-12255.28564
-12220.53094
-12191.88806
-12217.44469
-12269.14854
-12299.43116
-12291.48749
-12273.71924
-12274.88364
-12321.80432
-12245.64193
-12287.57823
-12373.74591
-12357.14271
-12279.02983
-12273.62089
-12306.89984
-12250.16287
-12250.77617
-12260.10364
-12257.47850
-12344.45849
-12291.48259
-12334.67646
-12294.09051
-12280.50063
-12301.33482
-12249.77473
-12295.29227
-12231.33830
-12239.75609
-12192.88111
-12165.44864
-12170.52088
-12241.66340
-12288.49659
-12263.05825
-12221.49243
-12205.55959
-12240.79806
-12246.53549
-12241.67302
-12225.42428
-12239.18711
-12223.14833
-12238.18143
-12213.35265
-12298.08488
-12289.22441
-12328.91612
-12228.15494
-12246.94922
-12307.00464
-12223.91320
-12188.88623
-12206.10342
-12273.11707
-12240.06230
-12236.44758
-12193.62450
-12184.49796
-12139.45446
-12187.13944
-12128.26016
-12173.72220
-12194.95549
-12173.75424
-12185.31661
-12233.13840
-12269.83078
-12239.38653
-12256.22105
-12216.53097
-12206.56389
-12261.56883
-12143.96189
-12151.87796
-12204.88693
-12200.03963
-12300.25138
-12224.60195
-12181.65998
-12244.10162
-12133.87118
-12234.21514
-12187.38613
-12208.41495
-12263.64054
-12289.56534
-12282.09423
-12249.76708
-12177.63109
-12193.34167
-12171.64715
-12231.50390
-12220.24929
-12234.68135
-12280.10768
-12285.73391
-12324.31031
-12299.72396
-12306.28593
-12308.91481
-12308.26394
-12299.73951
-12289.51426
-12302.86489
-12337.25923
-12249.55736
-12275.99578
-12258.27451
-12351.26286
-12271.66001
-12299.29736
-12285.02993
-12306.57297
-12292.86186
-12296.45451
-12295.49361
-12264.32595
-12307.69163
-12346.10487
-12309.75210
-12280.11370
-12345.37185
-12347.48042
-12318.29220
-12271.83694
-12270.54968
-12232.00212
-12251.82790
-12212.30856
-12280.42139
-12207.38772
-12271.67324
-12212.97608
-12211.84346
-12211.58327
-12210.14988
-12270.09948
-12211.24963
-12197.46281
-12248.79409
-12312.26126
-12271.51370
-12320.30590
-12309.54646
-12259.23184
-12231.21064
-12247.08479
-12316.35171
-12332.48750
-12293.96150
-12323.82658
-12304.93480
-12323.62364
-12315.37449
-12301.03386
-12271.24045
-12236.22318
-12250.57473
-12225.82033
-12230.30530
-12266.21423
-12272.12427
-12238.93991
-12233.80010
-12281.54350
-12293.15043
-12330.08980
-12261.21073
-12251.66854
-12264.90336
-12235.69315
-12354.69108
-12310.98655
-12301.83291
-12294.46817
-12340.84265
-12363.94688
-12344.24010
-12353.34948
-12266.95615
-12277.89432
-12308.34953
-12294.66586
-12244.43321
-12225.78507
-12237.17621
-12287.40755
-12249.08825
-12278.81020
-12287.85308
-12291.84009
-12373.04209
-12273.71960
-12368.17054
-12317.40917
-12277.01992
-12276.02377
-12304.69909
-12337.79246
-12354.03796
-12336.70532
-12385.25426
-12285.66958
-12348.93651
-12318.35439
-12309.72326
-12346.81418
-12317.10171
-12312.28787
-12315.27095
-12257.88603
-12255.49453
-12257.68768
-12280.26287
-12280.30087
-12278.19652
-12302.12368
-12309.85252
-12237.11152
-12293.88605
-12334.22992
-12268.54299
-12261.30697
-12265.74228
-12296.72313
-12314.55247
-12300.96699
-12311.37846
-12387.69596
-12362.72932
-12319.57990
-12324.55964
-12269.80071
-12366.17167
-12240.11122
-12184.28897
-12180.98650
-12224.87387
-12273.24626
-12355.06977
-12273.82504
-12280.40806
-12284.08204
-12211.52088
-12244.29970
-12258.71572
-12262.40501
-12321.72488
-12296.16606
-12375.57427
-12321.24974
-12347.85067
-12299.18690
-12299.53114
-12292.50155
-12278.70814
-12318.92456
-12325.53250
-12277.44587
-12203.20138
-12187.16173
-12222.18751
-12232.28050
-12191.27661
-12243.36237
-12227.79007
-12268.03685
-12351.19741
-12352.34032
-12363.19683
-12337.24623
-12325.45143
-12332.13788
-12298.50261
-12214.77296
-12234.55384
-12261.23999
-12230.64655
-12250.52831
-12297.92896
-12326.83943
-12290.16556
-12290.26190
-12284.49569
-12271.95322
-12230.04459
-12290.42679
-12303.92068
-12292.47046
-12367.00037
-12303.53191
-12287.33262
-12344.23885
-12379.83283
-12336.72781
-12287.65883
-12350.15266
-12369.81862
-12366.35725
-12267.47193
-12290.75254
-12329.68043
-12307.20160
-12297.95777
-12357.77942
-12339.87959
-12334.81857
-12392.81344
-12366.92552
-12323.92427
-12304.44495
-12326.84742
-12326.43848
-12366.70001
-12348.60382
-12261.54056
-12315.31750
-12284.57889
-12275.87012
-12308.41670
-12233.27155
-12261.26568
-12243.53524
-12228.32321
-12258.81481
-12269.51146
-12291.71896
-12309.32604
-12303.58187
-12253.96227
-12299.97924
-12249.57784
-12178.50801
-12205.32814
-12239.19750
-12261.40211
-12249.02068
-12247.46761
-12259.25906
-12276.25362
-12230.73518
-12273.57213
-12198.40923
-12232.41103
-12307.70129
-12281.27989
-12246.02766
-12216.69290
-12206.96394
-12227.81789
-12217.49599
-12193.64928
-12241.60757
-12231.51640
-12239.10574
-12243.55612
-12268.14552
-12205.25147
-12251.93650
-12218.71205
-12289.43162
-12287.32390
-12267.16545
-12262.03877
-12259.64036
-12255.91367
-12280.48318
-12262.77923
-12214.11243
-12249.90744
-12314.90557
-12328.00751
-12315.69379
-12241.93906
-12327.28961
-12216.59858
-12223.52360
-12303.37166
-12278.45208
-12320.77230
-12297.42352
-12350.80431
-12284.06503
-12280.54961
-12303.63872
-12277.71751
-12259.44980
-12236.70706
-12289.53052
-12303.81485
-12274.48352
-12247.24674
-12179.17259
-12197.21773
-12245.58309
-12210.72474
-12224.72263
-12157.70094
-12177.15923
-12171.16610
-12165.43167
-12269.35704
-12256.31509
-12296.56400
-12244.28974
-12313.88077
-12245.33285
-12236.48643
-12238.81764
-12219.95323
-12206.42398
-12207.89663
-12263.01047
-12160.92150
-12268.22416
-12268.14446
-12290.55812
-12184.62955
-12278.51638
-12229.01879
-12231.30590
-12255.62153
-12188.67154
-12175.85526
-12206.25024
-12193.66800
-12148.33625
-12162.83313
-12211.79426
-12243.52815
-12249.43660
-12230.02024
-12236.50322
-12333.26074
-12358.32269
-12281.49012
-12214.02331
-12258.00276
-12241.52005
-12311.95252
-12345.26454
-12272.15368
-12308.06748
-12304.98411
-12363.63352
-12326.82375
-12280.60941
-12275.21495
-12241.69717
-12310.87654
-12288.26139
-12376.75106
-12348.16874
-12314.85003
-12246.78575
-12240.44099
-12259.66667
-12316.40456
-12264.60234
-12289.93385
-12306.33673
-12282.11319
-12273.35375
-12342.50911
-12289.64197
-12257.75489
-12340.76378
-12315.29216
-12288.43713
-12311.82691
-12303.64982
-12312.86809
-12308.11688
-12276.67022
-12306.17224
-12379.25287
-12372.07143
-12426.64589
-12426.26849
-12391.45994
-12352.75239
-12362.38643
-12349.44934
-12306.03657
-12307.54749
-12273.81992
-12245.38897
-12253.22250
-12229.61788
-12225.69138
-12284.79015
-12285.83646
-12305.65029
-12263.18397
-12216.87391
-12233.53907
-12313.75606
-12265.85937
-12264.86390
-12257.84171
-12310.47577
-12261.85797
-12296.28563
-12228.50851
-12246.89643
-12205.62099
-12299.22921
-12321.18785
-12241.21855
-12304.26972
-12243.93864
-12316.89928
-12379.74499
-12278.87476
-12252.96837
-12328.92318
-12322.87568
-12260.34414
-12233.10864
-12264.66859
-12243.20301
-12177.03846
-12234.52105
-12274.61918
-12262.71411
-12229.61590
-12299.51791
-12343.39398
-12373.63658
-12369.14423
-12414.62639
-12410.32461
-12420.71050
-12354.16164
-12364.08376
-12322.22682
-12302.82148
-12282.80179
-12288.28124
-12320.53474
-12327.36379
-12268.03848
-12317.37379
-12336.19708
-12190.89789
-12209.19937
-12301.82357
-12240.00566
-12231.53930
-12228.25383
-12327.77519
-12303.53663
-12350.78695
-12333.96053
-12284.90213
-12219.56833
-12361.69047
-12336.64933
-12382.46736
-12348.05781
-12371.85966
-12403.09024
-12364.31781
-12317.05133
-12369.31216
-12340.64447
-12324.68426
-12311.22184
-12361.19168
-12269.17057
-12326.18989
-12275.13138
-12251.93989
-12308.52443
-12319.54684
-12321.24603
-12317.28589
-12346.85246
-12354.33593
-12327.41526
-12303.62991
-12288.40190
-12275.45646
-12349.67768
-12375.30467
-12345.44735
-12360.73091
-12365.95007
-12274.60674
-12326.00273
-12295.72585
-12298.03966
-12287.93110
-12309.99271
-12258.14809
-12259.80897
-12289.29369
-12337.91029
-12365.63863
-12392.49290
-12296.70844
-12265.99117
-12275.62578
-12286.37584
-12327.46278
-12289.27660
-12222.05520
-12238.92181
-12243.76270
-12257.72389
-12249.04099
-12311.85917
-12274.89733
-12296.16130
-12233.58664
-12266.50620
-12294.40437
-12279.53430
-12276.92719
-12223.00148
-12287.56533
-12260.63173
-12267.25866
-12216.24402
-12208.09040
-12262.12324
-12290.73428
-12277.98799
-12296.02261
-12275.31032
-12279.68889
-12253.56229
-12287.73988
-12239.51222
-12296.28766
-12273.03749
-12258.83202
-12269.76059
-12268.01500
-12307.37169
-12287.88952
-12301.24253
-12244.25424
-12330.36697
-12277.52691
-12331.72843
-12362.36771
-12396.07308
-12384.54217
-12267.75480
-12416.30153
-12340.62434
-12395.79904
-12312.93984
-12347.42960
-12259.72880
-12332.51572
-12292.40956
-12245.95605
-12339.38068
-12305.67700
-12268.18438
-12309.23935
-12271.07552
-12259.60920
-12223.83165
-12189.04706
-12201.58131
-12222.34860
-12244.20491
-12312.90618
-12244.34296
-12253.41143
-12295.80362
-12267.88165
-12275.44625
-12255.77059
-12329.10177
-12351.71448
-12325.23208
-12343.92769
-12292.31101
-12335.74146
-12301.64981
-12347.78952
-12359.17180
-12349.76471
-12334.57420
-12317.18928
-12347.84411
-12326.45422
-12312.26335
-12319.95813
-12254.46440
-12255.57547
-12289.75313
-12340.35010
-12211.21270
-12335.11198
-12332.43439
-12312.85026
-12345.74652
-12274.53623
-12307.63284
-12252.88174
-12203.51040
-12243.95025
-12288.40163
-12236.88388
-12289.37396
-12284.68461
-12290.49405
-12268.07513
-12264.86162
-12381.54791
-12306.41196
-12307.54685
-12252.07790
-12288.38882
-12262.24729
-12224.32746
-12346.41232
-12270.91493
-12294.20670
-12281.35937
-12261.18018
-12223.82614
-12274.27506
-12295.95282
-12280.21584
-12371.53211
-12391.59402
-12352.78725
-12327.01693
-12322.53499
-12392.14889
-12350.33058
-12345.70630
-12302.84806
-12330.06635
-12313.27436
-12338.44967
-12307.78263
-12308.87696
-12308.73539
-12308.16695
-12315.46086
-12275.30659
-12156.39251
-12241.47043
-12257.76048
-12272.09281
-12277.40082
-12287.45209
-12285.05551
-12258.20554
-12253.24675
-12304.21181
-12384.77771
-12330.91065
-12290.57678
-12291.12887
-12266.15101
-12268.11968
-12277.52054
-12289.31686
-12309.64191
-12296.19479
-12225.70803
-12287.44980
-12312.97793
-12254.55517
-12292.75245
-12229.57424
-12318.28614
-12303.51627
-12387.58480
-12356.57875
-12302.00631
-12279.01258
-12258.13751
-12282.12802
-12259.82513
-12236.24082
-12164.62803
-12210.78853
-12177.46119
-12201.28508
-12219.84772
-12233.79337
-12234.67478
-12269.51453
-12234.48642
-12286.87808
-12235.30970
-12228.04137
-12238.44965
-12217.25707
-12300.08671
-12263.47965
-12297.10306
-12254.22615
-12225.58547
-12235.59104
-12251.39871
-12306.72193
-12274.19839
-12279.42831
-12226.31231
-12294.57702
-12273.89299
-12336.03546
-12323.01545
-12272.18462
-12327.55764
-12283.90405
-12262.35656
-12231.43208
-12209.94988
-12214.67793
-12233.64036
-12183.33129
-12183.93561
-12152.77904
-12095.08090
-12153.17832
-12212.31451
-12207.67037
-12235.95661
-12201.52950
-12256.26664
-12265.11355
-12217.43781
-12274.09825
-12264.94005
-12270.79855
-12285.29132
-12323.41745
-12246.67801
-12301.84920
-12251.70256
-12285.43926
-12256.10229
-12281.03439
-12270.72271
-12296.31202
-12280.14470
-12258.03010
-12276.77737
-12285.35076
-12291.09859
-12282.42932
-12215.72046
-12237.41991
-12291.43952
-12254.77905
-12222.59572
-12286.30665
-12280.59829
-12258.76932
-12215.47003
-12258.65444
-12235.73177
-12280.55880
-12270.67049
-12309.17680
-12384.95225
-12323.77874
-12317.97496
-12300.55608
-12343.89304
-12317.68582
-12277.88744
-12327.54508
-12310.80966
-12237.48478
-12300.75519
-12222.61061
-12212.24391
-12266.23191
-12234.42263
-12228.92329
-12260.92505
-12307.68256
-12249.78905
-12315.22429
-12297.32479
-12315.89035
-12285.33057
-12294.42605
-12320.01702
-12309.33452
-12304.35940
-12273.41249
-12242.79280
-12249.59259
-12246.93668
-12246.88712
-12247.57253
-12213.59649
-12232.66662
-12211.36346
-12290.49136
-12283.29832
-12212.29978
-12233.50169
-12221.38801
-12206.68289
-12200.69846
-12241.85914
-12165.38128
-12207.94927
-12237.18356
-12261.88462
-12226.11627
-12311.87407
-12319.53653
-12265.21826
-12211.86096
-12302.82271
-12277.61376
-12255.50991
-12265.74442
-12312.59429
-12297.73825
-12258.36466
-12215.84311
-12219.14757
-12271.65357
-12294.60544
-12291.43157
-12195.73712
-12235.11521
-12186.00316
-12200.61703
-12169.00991
-12173.09895
-12203.88641
-12193.48883
-12213.19567
-12327.39646
-12291.46861
-12322.89380
-12377.91701
-12283.98332
-12299.44808
-12328.22989
-12273.64968
-12328.17311
-12363.57747
-12311.94025
-12372.01752
-12320.27123
-12337.02213
-12278.83227
-12321.06742
-12326.16359
-12302.22344
-12248.75234
-12246.87736
-12222.50723
-12286.08153
-12249.56388
-12278.56107
-12234.76096
-12291.07651
-12273.90107
-12238.89557
-12304.17590
-12329.23329
-12328.46190
-12274.79367
-12355.67167
-12309.55293
-12347.09881
-12286.27353
-12309.48798
-12249.89774
-12302.17236
-12320.14524
-12313.89109
-12246.43092
-12269.33406
-12292.57461
-12257.49289
-12259.76067
-12192.25182
-12228.58283
-12238.18116
-12311.08251
-12276.41287
-12271.61479
-12269.59733
-12230.21616
-12229.48323
-12244.94280
-12228.75465
-12318.12261
-12344.70601
-12352.83823
-12355.74277
-12349.62586
-12339.21996
-12338.58992
-12310.00489
-12273.91588
-12243.67293
-12229.78854
-12236.76762
-12194.29520
-12184.94413
-12244.37527
-12217.38254
-12146.33054
-12224.25069
-12202.06567
-12222.11377
-12231.78592
-12286.81268
-12238.99116
-12253.60771
-12286.95310
-12202.07083
-12264.42396
-12253.67743
-12245.84116
-12325.02027
-12333.91009
-12376.22266
-12339.22064
-12300.15914
-12265.37746
-12284.32548
-12270.55855
-12283.85148
-12239.46919
-12272.65201
-12298.87067
-12283.93466
-12308.40663
-12251.27562
-12302.38983
-12334.41108
-12271.92027
-12288.39166
-12315.90308
-12250.09472
-12274.17546
-12308.52306
-12299.86913
-12293.62185
-12261.52486
-12254.25299
-12297.47227
-12225.66936
-12231.32115
-12285.36194
-12222.89141
-12213.63299
-12180.15178
-12166.21319
-12202.98205
-12181.74355
-12233.15747
-12173.32096
-12265.90096
-12248.96284
-12267.07839
-12284.26690
-12200.39278
-12234.16374
-12246.51883
-12300.02355
-12238.55304
-12206.94394
-12205.30264
-12209.24705
-12256.26889
-12251.36972
-12217.07927
-12245.98259
-12289.25332
-12325.83384
-12289.92858
-12246.69441
-12366.63788
-12343.37616
-12414.21045
-12410.60785
-12323.66730
-12314.66950
-12318.35419
-12327.53604
-12349.56119
-12383.39793
-12374.26226
-12332.34121
-12351.53865
-12378.88649
-12292.08460
-12334.40576
-12295.12373
-12264.37157
-12322.70825
-12311.07369
-12313.30644
-12286.24957
-12296.33114
-12278.92818
-12252.09574
-12268.07036
-12287.36590
-12255.62910
-12248.72297
-12215.37065
-12248.76270
-12259.91035
-12263.82870
-12224.60728
-12245.67557
-12227.53046
-12312.67726
-12290.24982
-12355.20105
-12242.92335
-12279.34856
-12256.29183
-12275.05123
-12222.19136
-12239.18948
-12254.77241
-12185.17249
-12229.50166
-12233.30506
-12296.71707
-12263.21945
-12267.48781
-12299.91588
-12265.09196
-12333.41561
-12285.28834
-12250.63552
-12347.10301
-12341.80359
-12394.67789
-12332.10498
-12299.78905
-12337.87957
-12297.75021
-12337.31622
-12328.83869
-12326.19903
-12300.91772
-12307.15074
-12273.24803
-12269.63715
-12300.78749
-12354.91991
-12323.87060
-12320.52888
-12324.32842
-12264.19721
-12289.81647
-12276.00239
-12299.60652
-12242.64984
-12259.97212
-12260.95368
-12273.97273
-12322.59947
-12340.37387
-12330.76470
-12309.89355
-12338.62462
-12327.49231
-12311.15937
-12335.35241
-12372.68807
-12349.12472
-12270.12079
-12342.98819
-12299.86845
-12349.53762
-12321.00799
-12296.09662
-12273.29184
-12250.32887
-12208.90082
-12151.22696
-12205.11169
-12239.22619
-12288.89896
-12344.10135
-12363.64957
-12309.99691
-12197.62938
-12255.98485
-12248.91430
-12191.14014
-12202.83463
-12238.93820
-12262.39055
-12306.61181
-12302.06955
-12302.49583
-12283.51889
-12249.22725
-12303.60392
-12300.96302
-12328.09481
-12327.90365
-12303.30284
-12253.27674
-12278.70396
-12325.84486
-12254.50544
-12267.68551
-12271.29073
-12308.53779
-12300.98447
-12295.50734
-12248.48764
-12226.88414
-12232.21397
-12243.63656
-12235.67607
-12222.18831
-12291.26986
-12259.55179
-12293.01769
-12226.45173
-12252.14754
-12240.90264
-12216.56463
-12200.19869
-12283.84489
-12265.77446
-12295.08919
-12270.99000
-12269.44579
-12242.62113
-12359.56683
-12216.94786
-12250.67445
-12334.61360
-12316.45936
-12282.07678
-12219.84046
-12233.39116
-12268.37923
-12205.25784
-12340.11266
-12328.24100
-12286.34864
-12298.51845
-12273.38221
-12234.49251
-12154.59517
-12242.66224
-12234.72132
-12201.26924
-12232.26171
-12221.00927
-12265.77788
-12259.77780
-12247.23515
-12265.53799
-12267.33636
