29829.83166
29878.83790
29912.22031
29912.22031
29747.95043
29618.00287
29638.36585
29626.75158
29783.12667
29942.29313
29942.29313
30026.02297
30477.38883
30326.55722
30245.87198
30271.90199
30203.12064
30309.42479
30154.54040
29937.52840
29937.52840
29882.99940
29829.70885
29829.70885
29829.70885
29921.73591
30042.56612
30030.69812
30030.69812
30017.80702
30017.80702
30161.31619
30117.80280
30117.80280
30039.02902
29980.85000
29980.85000
30393.59872
30393.59872
30101.96767
30125.09128
30125.09128
30058.10944
30190.30710
30119.25441
30015.26526
29977.70975
30029.27418
30033.65492
30016.71531
29994.44025
29965.44490
29796.79196
29854.09943
29833.78520
29964.13593
29982.66691
29982.66691
30092.45582
30117.33102
30013.54570
29970.54443
30151.88994
30159.42309
30159.42309
30332.80193
30187.02151
30080.20620
29919.52769
29891.21616
29899.56461
29940.88233
29925.13588
30132.37119
30132.37119
29845.66748
29845.66748
29834.11023
29772.95182
29772.95182
29977.37067
30069.54892
30069.54892
29977.21291
29982.66334
29982.66334
30060.48338
30232.76993
30232.76993
30220.01766
30214.81438
30236.80650
30236.80650
30106.18151
30285.24579
30192.69967
30243.25301
30083.67074
30259.95455
30284.78687
30317.18343
30262.18353
30333.53820
30030.52087
29703.41881
29681.88015
29706.77910
29758.37715
29758.37715
29752.58314
29629.01232
29446.65184
29664.41133
29793.79465
29793.79465
29793.79465
29727.38225
29704.54946
29704.54946
29745.25596
29731.82132
30007.27304
29926.25002
29948.52840
29784.87291
29642.81121
29642.81121
29819.22286
29875.65616
30063.01174
30169.53561
30009.20784
30098.71069
30098.71069
30098.71069
30131.37758
30318.71199
30298.68166
30442.36227
30232.35353
30409.86434
30142.47595
29942.41417
29942.41417
29942.41417
30032.04162
30063.23323
30137.13970
29867.16693
29810.55315
29814.57025
29814.57025
29676.55824
29836.27710
29767.45985
29894.92177
29829.40233
29829.40233
29885.32389
29982.40132
29982.40132
29982.40132
29810.87875
29810.87875
29832.41423
29863.70794
29863.70794
29863.70794
29838.37130
29865.52662
29700.22671
29700.22671
29767.84882
29799.10846
29799.10846
30005.85843
29853.15726
29853.15726
29853.15726
29951.43746
30111.72412
30192.43787
30117.54492
30104.20224
30074.75670
29966.60024
30067.81160
30065.93711
30065.93711
30287.74217
30200.47812
30042.11626
30042.11626
30081.49078
29951.30309
29979.97530
30085.12194
30188.35229
30220.07933
30043.59540
29798.58071
30101.82130
30046.77285
30059.59825
30059.59825
29911.49231
29745.37654
29896.55591
30011.35559
30058.09728
30060.49316
30186.34137
30198.04129
30254.30886
30473.20607
30473.20607
30473.20607
30409.10952
30126.00975
30020.57750
30020.57750
30165.43050
29967.40740
29750.68173
29750.68173
29741.65758
29663.16260
30102.53450
30102.53450
30102.53450
30255.11842
30191.53002
30271.91084
30015.19881
30094.78643
30040.46663
30091.84413
30091.84413
30091.84413
29963.90857
29890.22342
30148.00606
30222.45764
30309.23084
30191.27795
30191.27795
30438.60604
30305.95691
30201.63846
30217.66706
30217.66706
29921.53763
29723.66464
29830.89906
30012.58736
29778.76874
29746.84554
29656.01087
29869.75536
29869.75536
29923.49074
30053.69733
29875.07965
29518.76489
29453.91436
29398.74901
29613.91333
29760.67122
29760.67122
29684.39361
29619.58798
29621.01822
29794.69731
29794.69731
29558.32481
29558.32481
29557.29514
29557.29514
29683.49423
29616.11581
29616.11581
29858.73482
30002.31396
30064.17065
30064.17065
29979.83186
30214.54099
30234.37766
30234.37766
30171.85337
30171.85337
30225.48488
30225.48488
30150.59821
30008.18592
29942.58738
30086.85350
30098.25207
30098.25207
30248.48934
30259.00785
30127.95295
30127.95295
30210.72570
30296.13810
30107.47375
30107.47375
30107.47375
30107.47375
30124.29385
30002.77836
29903.75194
29747.68276
29957.83870
29957.83870
29882.87261
29822.44923
29874.36469
29874.36469
29874.36469
29874.36469
29955.66625
29955.66625
30091.84131
30213.96039
30248.55395
30248.55395
30248.55395
30248.55395
30089.48221
30016.46107
30108.86663
30098.06246
30264.25772
30356.15305
30143.68139
30143.68139
30181.12495
29978.33496
29731.43977
29995.50575
29847.81309
30301.03349
30185.25679
30191.17300
30170.13245
30088.30319
30088.30319
30193.78766
30285.96623
30213.89466
30237.43380
30221.05266
30114.53442
30114.53442
30101.57067
30108.61894
29880.48187
29771.86700
29723.29457
29803.18980
29803.18980
29975.28961
29975.28961
29985.34424
30048.96136
30048.96136
30061.02208
30022.61055
30044.04538
30044.04538
30295.29995
30474.76955
30355.75720
30355.75720
30185.16811
30030.18034
30030.18034
30030.18034
30303.73790
30059.91171
30257.31053
30397.03352
30354.89265
30291.72587
30410.61525
30441.12509
30397.65587
30538.48759
30386.18854
30413.41307
30078.14671
30210.40477
30091.65926
30418.62225
30254.97522
30380.01466
30444.11491
30444.11491
30275.83872
30275.83872
30123.12644
30254.10579
30208.16321
30080.62965
30066.97239
29821.08163
29821.08163
29994.73446
30065.85954
30030.73270
29954.72484
29971.39385
30186.54000
30186.54000
30186.54000
30186.54000
30156.84850
30204.51148
30087.27946
30169.52833
30187.85623
30076.58584
29924.44634
30038.51240
29907.96518
29907.96518
29712.01269
29909.25988
29856.20577
30143.16992
30168.75285
30245.26832
30101.41965
30013.28759
30334.74609
30334.74609
30334.74609
30048.99642
29929.92097
29929.92097
30097.90258
30079.67655
30123.48990
29967.07970
30076.87056
30076.87056
30106.77699
30106.77699
30054.60082
29986.45910
30217.80742
30217.80742
30217.80742
30217.80742
30083.13712
30083.13712
30074.64938
30074.64938
29994.91755
30188.02318
30188.02318
30139.48686
30043.55553
30043.55553
29803.35197
30071.36458
29944.59897
30002.86869
29947.04267
29947.04267
29947.04267
30039.70819
30039.70819
30038.37769
30038.37769
30191.66135
29848.72257
29716.29847
29605.95251
29870.39200
30094.69089
30115.28016
30193.40463
30221.69453
30221.69453
30266.11472
30260.44326
30260.44326
30137.89068
30137.89068
30267.20778
30162.66694
30137.82413
30137.82413
30042.53645
30042.53645
30176.40689
30061.81148
30119.32364
29675.61467
29955.68525
30106.84247
30106.84247
29987.27738
30071.87051
30154.22469
30059.68444
30408.54221
30335.82532
30335.82532
30187.70396
30075.10508
30075.10508
30055.07665
30303.37801
30185.78996
30234.69222
30231.67718
29955.84927
29727.45158
29789.70092
29903.94651
29903.94651
29982.56170
29855.38269
29661.45746
30033.06269
30110.36767
30129.92873
30166.03691
30156.86483
30156.86483
29804.74791
29804.74791
29629.66967
29597.91847
29472.64323
29593.31421
29485.90299
29595.17028
29520.62766
29520.62766
29536.02967
29590.49280
29637.44353
29572.16857
29831.15190
29757.25214
29490.54060
29599.83880
29407.58170
29424.96659
29506.34471
29506.34471
29654.38540
29654.38540
29745.90732
29745.90732
29745.90732
29745.90732
29884.70996
29804.14400
29592.31763
29878.80940
29883.81784
29817.29511
29717.03734
30013.79305
30013.79305
30097.96992
30097.96992
29920.04130
29946.64225
30034.81268
30143.90014
30223.98048
30258.47958
30258.47958
30227.38850
29928.46904
30127.77816
30173.48657
30219.49830
30219.49830
30002.63731
30013.33046
29920.55671
30142.23067
30014.92071
29939.16808
29746.56029
29767.49457
29559.03204
29629.31084
29649.89327
29638.39768
29693.85375
29709.63421
29789.86173
29789.86173
29877.76026
29948.03544
29948.03544
29948.03544
29948.03544
29884.23201
29995.56222
30107.22491
30219.26857
30259.15342
30137.62790
30092.75993
29964.42488
29664.99347
29724.88499
29763.08448
29731.19668
29735.51624
29686.68082
29686.68082
29980.74687
29886.70141
30035.76286
29890.37129
29737.39099
29927.54672
29733.26670
29731.43587
29731.43587
29771.90682
29789.57478
29706.87205
29928.75381
29660.00102
29394.60211
29637.10956
29789.25089
30053.98892
29845.74295
29845.74295
29924.78645
29924.78645
30079.29733
30029.06603
30058.42315
30058.42315
29958.15002
29791.80159
29872.07971
29872.07971
29902.83782
29811.74832
29686.42667
29653.74824
29668.67744
29701.92439
29715.08787
29715.08787
29810.74476
29899.87829
29569.88495
29569.88495
29602.74566
29602.74566
29616.67026
29616.67026
29477.19010
29477.19010
29478.65128
29478.65128
29440.85432
29440.85432
29532.55102
29671.89834
29606.47506
29871.21732
29751.68074
29858.16786
29679.86229
29643.28525
29643.28525
29577.48928
29743.69215
29743.69215
29836.24715
29754.28782
29577.92594
29577.92594
29824.99089
30005.46029
30024.06073
30024.06073
30042.30682
29854.41863
29854.41863
29902.08355
29902.08355
29784.43968
29900.77772
29871.88832
29871.88832
29902.91185
30262.03418
30296.44126
30378.81558
30318.90527
30262.03586
30262.03586
29984.82865
29781.69294
29781.69294
29674.30492
29891.33480
29800.62110
29820.77782
29708.21759
29708.21759
29609.31761
29731.53711
29789.88467
29858.68117
29870.69212
29809.37000
29951.60706
29951.60706
29775.55826
29833.31420
29939.23866
30142.48713
30142.48713
30163.47563
30049.29853
30049.29853
30090.72479
30069.81487
30069.81487
30007.58970
30007.58970
30007.58970
29974.94097
29935.00336
29734.92542
29759.52289
29759.52289
29831.55448
29831.55448
29838.54288
29814.80268
29814.80268
29901.66680
29861.50501
29861.50501
29825.08720
29825.08720
29825.08720
30175.26140
30294.15576
30222.83253
30222.83253
30222.83253
30239.26996
30239.26996
30086.78601
30118.20387
30494.63948
30481.90198
30481.90198
30481.90198
30620.25784
30302.06580
30061.20671
29881.86784
29881.86784
29881.86784
29897.43578
30082.37811
29974.94194
29845.95776
29957.42185
30111.52354
30024.22605
30024.22605
30507.64159
30467.16506
30243.82576
30100.31222
30352.08268
30352.08268
30095.10178
29924.68071
30156.94849
30202.49620
30089.64157
30045.63412
29883.60418
30105.03244
30035.90225
30083.55162
29922.88977
30121.26326
30361.25102
30426.55776
30480.29511
30480.29511
30480.29511
30494.71569
30361.93359
30245.92528
30481.64507
30542.28306
30381.05050
30370.96790
30370.96790
30566.77272
30226.70208
30170.82370
29885.45213
29942.37138
29975.17283
29885.23632
29906.90997
29906.90997
29974.63338
29872.64440
29698.84468
29930.69446
29680.18803
29680.18803
29874.12175
29767.20243
29769.36024
29831.36672
29598.94491
29739.99088
29673.98332
29813.75386
29753.81577
29753.81577
29977.46305
29977.46305
29956.01327
29856.54863
29840.92871
29712.61259
29712.61259
29640.83155
29906.11059
29898.58234
29898.58234
29898.58234
29800.22401
29774.05223
29826.83097
29800.58021
29659.32408
29844.90135
29957.65589
29938.71012
29847.54462
29854.98434
29854.98434
30110.67070
30082.74978
30295.70160
30329.95369
30301.23325
30373.72670
30373.72670
30349.55462
30349.55462
30158.55297
30325.74002
30221.77571
30199.51481
30236.19146
30447.00372
30222.97826
30066.67086
29881.76796
29848.04305
29873.91702
29825.41595
29777.35402
29910.54497
29852.66549
29857.82189
29864.90449
29968.05590
29968.05590
29968.05590
29765.78826
29871.53105
29684.23912
29672.68678
29812.82969
29940.86554
30011.41760
30029.56257
30134.30108
30102.23642
30076.47134
30001.28683
29882.61016
30155.33198
30147.29182
29871.14838
29987.65752
29881.68236
29987.63606
30093.87647
30211.92536
29938.84019
29938.84019
29938.84019
29928.00396
30007.29719
30111.63457
30090.28561
30283.52428
30539.55609
30349.13712
30289.25917
30393.30834
30393.30834
30393.30834
30289.49173
30442.59649
30259.65885
30114.99966
30114.99966
29936.50178
29691.97979
29647.88250
29892.01020
29909.65389
30259.41344
30117.73555
30274.44930
30006.90354
29871.36675
29871.36675
29906.28593
29835.53406
29835.53406
29802.71906
29909.46379
29984.24071
29984.24071
29984.24071
29938.64995
29944.26144
29741.53760
30171.06827
30171.06827
30294.11141
30294.11141
30133.81519
30133.81519
30133.81519
30108.77536
29991.89367
30099.40753
30099.40753
30149.74109
29949.15664
30199.68360
30257.02630
30251.62346
30150.04416
29866.82777
29956.80572
29956.80572
29956.80572
29956.80572
29956.80572
29956.80572
30033.52526
29937.86610
29906.29101
30043.58684
29991.16981
30023.43343
29923.12732
29923.12732
30079.50024
29951.78997
29989.52938
29859.54489
29854.02024
29901.29429
29901.29429
30063.83372
30090.94662
30145.02541
30145.02541
30193.95524
30193.95524
30193.95524
30102.42031
30102.42031
30004.97139
30004.97139
29832.03950
29832.03950
30166.80948
30166.80948
30289.00397
30361.79681
30601.09737
30750.81046
30391.37365
30202.70964
30354.39602
30322.37519
30552.19830
30552.19830
30509.51970
30411.69504
30019.15740
29938.82953
29938.82953
30004.53271
29949.74870
29846.24836
29846.24836
29846.24836
30093.68080
29983.20651
29733.19796
29733.19796
29913.45452
29976.88770
29909.38911
29934.11783
29846.31414
29889.69992
29877.48063
29877.48063
29904.07632
29855.76706
30233.81477
30253.39270
30196.53068
29997.20279
29983.56252
29983.56252
30065.23737
29926.69556
30010.56433
30010.56433
29883.93800
29711.18955
29729.75564
29910.85517
29940.31469
29956.09207
29937.84211
29885.10066
29691.01502
29691.01502
29905.28035
29927.23985
29974.23133
29966.02461
29753.91390
29932.67993
29932.67993
29932.67993
29968.04771
29968.04771
29968.53900
30162.25957
29975.34115
29975.34115
29954.36167
29954.36167
29954.36167
30054.68467
30027.57495
30179.66986
30051.18577
30107.52234
30177.59306
29675.65592
29706.82835
29929.32470
29738.55276
29689.37919
29689.37919
29786.87914
29704.72135
29847.94042
29898.79078
29829.50190
29812.04661
30007.49122
30078.02585
30078.02585
29818.01504
29818.01504
30101.03754
30028.00421
30028.00421
29880.39036
29847.15989
29855.70212
29867.91624
29842.75598
30016.28620
29881.13552
29881.13552
29875.39176
30000.72383
30000.72383
29895.87468
29895.87468
30070.48041
29885.34127
29885.34127
29885.34127
29978.20341
30165.19791
30203.46714
30203.46714
30059.98144
30059.98144
30059.98144
30160.31531
30056.62420
30056.62420
30494.67791
30494.67791
30419.90702
30314.02164
30314.02164
30314.02164
30314.02164
30292.27737
30201.57276
30280.95491
30227.65169
30181.49459
30135.80222
30079.96346
29947.19640
30016.18759
29852.35315
29852.35315
30067.68697
30035.93847
29916.33678
29916.33678
29776.32150
29776.32150
29985.59960
29886.13373
30100.25406
30201.54713
30217.03589
30065.70038
29988.92170
29988.92170
29957.70402
30098.08462
30098.08462
30098.08462
30396.02979
30199.65418
30231.22270
30231.22270
30231.22270
30136.27269
30210.72764
30082.00585
29889.42837
29830.38841
29880.30595
29974.06258
29948.83661
30035.05380
30035.05380
29856.12999
29949.90458
30088.04196
29996.42246
30177.19570
30294.40950
30445.65280
29947.84339
30188.79910
29924.56153
29997.92734
29810.12031
29900.29432
29962.64561
30067.84473
30067.84473
29902.03486
30081.20939
30081.20939
29714.33761
29666.99269
29434.30366
29318.99422
29479.79083
29531.31672
29537.98881
29634.89889
29652.15576
29627.81448
29654.98469
29654.98469
29550.84749
29534.13570
29565.31905
29680.49846
29711.94884
29772.87298
29821.17206
29764.09197
29764.09197
29946.66782
29903.71938
30197.22240
30197.22240
30045.59398
30102.20067
30132.83975
30132.83975
29900.89732
29900.89732
30008.83013
30105.96099
29939.70580
29699.42634
29831.57878
29838.19837
29838.19837
30174.40597
30115.65789
29978.52350
29890.57970
29994.22167
30180.30823
30156.44903
30315.23667
30315.23667
30328.17491
30310.19928
30323.35902
30352.73910
30567.59300
30640.81242
30416.98137
30141.32640
30141.32640
30144.58584
30438.77808
30438.77808
30202.90843
30431.38964
30385.85926
30116.18747
30116.18747
30382.53407
30382.53407
30680.20529
30680.20529
30467.88281
30467.88281
30379.03627
30137.77669
30067.16524
30143.65185
30266.73554
30320.81584
30216.04734
30138.77125
30118.94725
30118.94725
29847.54522
29825.36194
29825.36194
29825.36194
29893.07055
29956.78051
30140.26434
29972.34563
29972.34563
29773.01471
29595.77075
29751.33387
29677.94728
29832.44451
29832.44451
29875.36943
29786.62424
29850.96501
29955.32286
30020.72836
30154.40358
29914.20881
29871.30115
29804.16382
29886.44967
29886.44967
30003.46813
30028.64531
29931.30943
29931.30943
30190.26518
30079.16233
30079.16233
30079.16233
30079.16233
29983.73999
30087.14552
30087.14552
30309.65174
30309.65174
30299.61545
30315.39617
30277.11596
30294.86223
30165.90906
30165.90906
30165.90906
30165.90906
29847.37030
30195.24692
30027.90423
30079.99063
30362.32209
30362.32209
30414.22498
30159.09594
30142.03417
30142.03417
30127.52396
30127.52396
30000.67541
29948.68513
29948.68513
29948.68513
29923.52052
29923.52052
30067.59777
29822.36729
30034.11585
30039.36639
29944.74659
29944.74659
30015.79417
30015.79417
30073.84780
30074.99768
30066.11551
30239.85367
29976.73205
29973.01088
29914.52424
29958.48830
30096.00354
30083.39090
30083.39090
30083.39090
30073.63536
30073.63536
29920.71530
29969.40085
30148.58684
30127.30211
30127.30211
30127.30211
30011.66360
30011.66360
29883.61164
29878.53643
29847.76495
29714.01125
29829.01320
29738.53958
29829.04625
29791.73622
29963.56744
29937.34566
29938.58318
29833.15069
29948.79700
29972.35840
29859.47752
29856.80560
29696.14666
29753.59310
29753.59310
29753.59310
29668.00193
29877.41691
29946.16414
29946.16414
29946.16414
29946.16414
29831.81097
30015.00534
30015.00534
29827.79659
29827.79659
30158.82456
29961.86631
30021.27012
30243.46399
30168.82741
30214.85332
30097.58669
30328.49496
30276.16576
30303.56837
30217.54700
30028.82004
30028.82004
30057.79768
30002.72642
29971.58272
29827.86332
30073.64418
30073.64418
30340.37438
30332.75168
30332.75168
30141.74707
30141.74707
29730.40307
29884.63998
30020.70357
30196.38292
30309.29628
30206.36542
30206.36542
30042.27661
30094.50960
30094.50960
30094.50960
30094.50960
29916.99263
29777.86537
29790.09681
29790.09681
29893.02274
30025.71411
29954.20150
30053.22635
29986.96189
30040.45828
30291.75182
30374.74553
30369.61924
30288.12449
30288.12449
30333.11856
30333.11856
30333.11856
30333.11856
30076.80103
30183.59046
30183.59046
30183.59046
30006.53329
29951.09737
29895.66681
29854.22461
29524.16214
29758.68409
29739.30556
29739.30556
29739.30556
29797.52124
30033.34904
30033.34904
30173.46086
30377.24812
30445.98600
30166.40827
30159.50901
30159.50901
30049.94183
30049.94183
30197.74553
30197.74553
30149.89189
30149.89189
30064.98453
30249.51202
30255.38209
30409.55895
30381.30154
30476.57486
30373.75337
30433.94046
30433.94046
30433.94046
30326.30318
30393.33354
30048.30271
30327.73422
30025.56097
30025.56097
29883.91192
30026.56622
30026.56622
30026.56622
30084.25454
29933.77345
29900.12837
29900.12837
29998.53017
30028.64253
30028.64253
30028.64253
29956.98144
29956.98144
29757.37188
29792.46548
29825.34452
29823.42007
29823.42007
29858.57885
29968.20053
29968.20053
29858.00232
29858.00232
29914.91479
30024.19228
29798.27611
29798.27611
29891.53650
29820.97967
29832.51761
30059.98413
30152.16114
30080.49334
29917.54580
29780.57439
29791.44164
29809.19244
30088.13478
30088.13478
30088.13478
30088.13478
30309.11102
30309.11102
30229.74725
30232.58716
30232.58716
30153.12457
30165.89621
30311.14411
30141.95290
30347.70511
30129.41478
30164.99616
29945.67013
30094.19472
29966.73161
30053.11671
30014.68497
30174.65962
30129.48839
30296.88249
30453.65581
30453.65581
30214.60682
30256.05111
29982.59854
29899.53489
29899.53489
29959.28956
29959.28956
29770.14109
30017.36583
30141.89294
30004.87089
30202.33624
30202.33624
30437.92677
30437.98736
30589.61709
30589.61709
30505.52617
30255.64474
30325.15165
30264.75861
30549.43735
30303.94892
30303.94892
30098.53642
30373.50516
30492.10742
30318.53055
30203.38259
30167.18462
30120.34979
29997.78935
29997.78935
30072.12151
30072.12151
30072.12151
30246.84596
30246.84596
30280.59836
30144.49877
30109.18091
30161.18382
30069.65169
30300.28853
30107.53816
30106.66224
30227.71732
30128.72342
30097.48465
30073.98018
30191.16079
30290.95894
30592.54428
30466.73917
30470.77118
30375.34414
30334.57839
30334.57839
30309.62773
30382.22104
30416.35325
30337.07189
30337.07189
30157.95918
30161.98024
30121.19724
30109.23964
30109.23964
30390.04046
30379.69341
30537.84853
30591.68091
30373.97301
30386.86240
30291.90277
30388.90562
30203.57980
30316.58200
30016.46157
30076.72795
30076.72795
30041.69763
30059.85335
30207.65587
30404.48896
30421.43593
30414.02249
30414.02249
30341.00603
30143.06743
29849.29110
29779.41381
29877.26425
29877.26425
30058.63866
30021.55297
30145.45689
29989.98025
29989.98025
29983.56984
30183.98543
30164.18965
30062.08811
30062.08811
30144.78730
29962.91651
29837.23664
29784.91659
29834.30328
29695.87272
29874.20554
29874.20554
29851.61336
29851.61336
29846.25833
30040.39188
30018.49899
30018.49899
29931.70301
29974.65862
29974.65862
30105.39601
29931.45360
29832.83657
29832.83657
29983.50260
30132.62347
30057.91001
30057.91001
29898.35277
29879.27266
29879.27266
29879.27266
29879.27266
29879.27266
29843.49856
30142.22827
30126.53374
30060.50520
30060.50520
29843.67032
29879.84529
29759.29314
29759.29314
29800.50397
29800.50397
29891.74907
29977.47295
29812.98102
29956.64731
29834.57315
29963.43647
29963.43647
29963.43647
29963.43647
30222.57527
30441.66140
30441.66140
29941.02981
29832.98248
29830.54106
29830.54106
29985.65759
30009.88137
30298.29500
30298.29500
30357.34927
30250.90555
30250.90555
30233.18968
30169.45707
29832.08362
29922.51024
29961.96594
29961.96594
29961.96594
30159.16232
29931.52252
29793.30419
29829.82907
29966.41866
29914.77241
29908.72139
30175.67475
30126.67754
30126.67754
30201.15184
30025.99166
29997.95763
30220.94720
30081.00167
30104.86312
30023.63792
30154.33285
30148.52785
30228.67608
30122.47690
30085.48112
30039.18311
30135.05999
30137.55254
30137.55254
30137.55254
30014.48168
30163.41214
30163.41214
30244.34976
30242.78130
30110.80491
30110.80491
30380.03773
30393.56594
30393.56594
30231.02762
30231.02762
30406.16275
30406.16275
30382.14464
30633.88621
30732.66080
30732.66080
30713.28623
30305.36028
30305.36028
30458.53039
30377.37394
30544.88212
30544.88212
30582.58694
30582.58694
30553.61941
30553.61941
30550.31040
30550.31040
30326.89684
30079.53078
30027.23018
30229.04287
30139.66585
30214.40062
30180.99812
30259.66116
30082.06361
30082.06361
30066.49401
30096.77062
29992.98365
30009.22306
29938.57820
29954.28778
29995.18335
29838.83925
29889.89749
30012.92060
29706.11347
29767.74063
29629.58919
29986.16450
29986.16450
29921.59318
29964.20957
29964.20957
30078.16846
30078.16846
30003.76476
30003.76476
29925.52253
29990.86796
29937.75540
30040.42214
30343.59530
30240.28812
30240.28812
30331.22119
30203.65535
30250.90625
30250.90625
30181.91664
30261.16010
30211.68864
30211.68864
30152.77602
30321.14783
30032.05617
29853.27575
29861.31000
30010.28978
29993.02492
29982.84969
29947.68706
30029.46040
29927.36497
30101.98786
30094.58427
30232.98374
30098.14603
30139.44829
29842.14486
29645.88461
29645.88461
29601.11102
29639.48910
29664.59491
29608.78308
29608.24040
29608.24040
29691.61667
29691.61667
29875.87103
29875.87103
29570.29849
29570.29849
29570.29849
29570.29849
29888.71598
29888.71598
29894.60724
29894.60724
29895.79235
29982.16907
29945.38879
29967.44524
29686.71281
29860.44362
29769.78497
29769.78497
29967.18987
29967.18987
29967.18987
29829.12383
29851.35246
29969.73186
29972.09747
29806.24618
30099.73683
30218.23670
30189.54259
30189.54259
30189.54259
30200.88359
30200.88359
30200.88359
30200.88359
30200.88359
29813.91075
29834.60973
29834.60973
30112.22171
30146.79831
30146.79831
30086.30718
29973.05651
29956.69069
29856.73548
29809.30607
29805.73181
29955.46001
29923.85787
29898.93058
30266.73184
30164.63183
30164.63183
30142.24534
30267.05060
30267.05060
29878.30895
29990.33715
29941.83527
29941.83527
30101.65825
29893.78954
29934.55397
29859.26967
29796.38563
29597.15310
29512.56405
29512.56405
29512.56405
29651.63330
29539.42507
29612.19525
29612.33602
29620.75325
29666.32043
29733.24927
29554.20811
29554.20811
29554.20811
29701.82184
29713.17223
29713.17223
29775.25508
29775.25508
29865.73574
30169.10532
30169.10532
30045.48231
30101.19868
30101.19868
29803.57340
29827.64193
29698.48376
29769.95898
29718.99234
29956.99300
29946.83850
29640.80372
29640.80372
29536.64230
29569.79457
29742.00380
29793.02080
29785.38424
29844.70967
29807.14587
29807.14587
29696.35651
29851.77076
29764.18117
29671.67681
29671.93372
29825.26237
29886.40285
29886.40285
29840.30143
30049.04166
30236.47817
30103.72110
30092.06820
