1.00110
1.00146
0.99991
0.99582
0.99596
0.99416
0.99626
1.00260
1.00117
1.00117
1.00002
0.99300
0.99300
0.99388
0.99523
1.00631
1.00321
1.00321
1.00711
0.99577
0.99577
0.99350
0.99632
0.99281
0.98845
0.98845
0.99607
0.99607
0.99324
0.99350
1.00249
1.00347
1.00720
1.01061
1.01827
1.00875
1.01202
1.00008
1.00008
1.00937
1.00575
1.00345
1.00336
0.99763
0.99763
0.99763
1.01022
1.01022
1.00254
1.00421
1.00279
0.99538
0.99346
0.99910
0.99910
0.99777
0.99777
1.00483
1.00099
1.00046
1.00381
1.01337
1.01987
1.01236
1.01236
1.00648
1.00655
1.01186
1.01053
1.00916
1.00580
0.99636
0.99802
0.99910
0.99910
0.99019
0.99019
0.98891
0.99211
0.99253
0.99491
0.99364
0.99364
1.00218
1.00218
1.00313
0.99757
0.99617
0.99777
0.99490
0.99485
1.00390
1.00149
0.99559
0.99793
0.99793
0.99905
0.99813
0.99813
1.00244
0.99974
0.99974
0.99974
0.99878
1.00432
1.00583
1.00583
1.00300
0.99802
0.99557
0.99557
0.99625
1.00173
1.00288
0.99614
0.99166
0.99166
0.98989
0.98989
0.98652
0.99477
0.99510
0.99809
0.99670
0.99670
0.98870
0.98818
0.98800
0.99092
0.99507
0.99373
0.98849
0.98849
0.98967
0.99731
0.99918
1.00622
1.00944
1.00962
1.00962
1.00975
1.00430
1.00516
1.00094
1.00094
1.00094
0.99745
0.99795
1.00189
1.00292
1.00129
0.99701
1.00436
0.99408
0.99344
0.99566
0.99065
0.99728
0.99728
1.00808
1.00110
1.00110
1.00110
0.99504
0.99807
0.99722
0.99722
1.00430
1.00298
1.00403
1.00403
1.00341
1.00246
1.00602
1.00386
1.00012
1.00012
1.00858
1.00842
1.00842
1.00842
1.00581
1.00581
1.00741
1.00562
1.00338
0.99880
0.99880
0.99880
0.99893
0.99893
1.01110
1.01876
1.01796
1.00687
1.01369
1.01264
1.00533
1.00227
1.00749
1.00117
1.00212
1.00067
1.00080
1.00080
0.99943
0.99623
1.00794
1.00794
1.00542
1.00890
1.00540
0.99848
1.00770
1.00483
1.00048
1.00091
0.99825
0.99866
0.99866
0.99866
0.99122
0.99309
0.99309
0.98964
0.98847
0.98847
0.98073
0.99137
0.98626
0.98688
0.98952
0.97895
0.98575
0.98575
0.98536
0.98273
0.98243
0.98402
0.98279
0.98279
0.98570
0.98818
0.98927
0.98927
0.98927
0.98927
0.98927
0.99718
0.99429
0.99429
0.99887
0.99887
0.99489
1.00556
1.01154
1.00795
1.00068
1.00343
1.00343
1.00392
0.99572
0.99572
0.99190
0.99063
0.99383
0.99400
1.00086
0.99896
0.99878
1.00054
1.00054
0.99931
0.99166
0.99166
0.99501
0.99271
1.00220
0.98376
0.99249
0.99525
0.98947
0.98947
0.98947
0.98539
0.98358
0.98508
0.99828
0.99549
0.99384
0.99747
0.99815
0.99420
0.99030
0.99849
0.99727
0.98957
0.98120
0.98242
0.98341
0.98341
0.98598
0.99267
0.99669
0.99669
0.99792
0.99262
0.98900
0.99556
0.99075
0.99075
0.98478
0.98478
0.98547
0.98649
0.98542
0.98542
0.98328
0.98328
0.98183
0.97909
0.98230
0.98121
0.98447
0.98447
0.99242
0.99242
0.99802
0.99494
0.99169
0.98416
0.98223
0.98652
0.98387
0.99275
0.99495
1.00384
1.00180
1.00193
1.00177
0.99190
0.98985
0.98985
0.99541
0.99541
0.99415
0.99735
0.99900
0.99569
0.99900
0.99900
1.00233
1.00233
1.00250
0.99531
0.99311
0.99106
0.99039
0.99039
0.99827
0.99778
0.99369
0.99369
0.99383
0.99641
0.99641
1.00397
0.99767
1.00026
0.99467
0.99495
0.98894
0.98894
0.99234
0.99431
0.99422
0.99455
0.99090
0.99157
0.99366
0.98798
0.99031
0.98621
0.98427
0.98427
0.99073
0.99073
0.99400
0.99756
0.99572
0.99619
0.99945
0.99945
0.99931
0.99931
1.00337
1.01026
1.01067
1.01067
1.00670
1.01637
1.01101
1.01104
1.00658
1.00658
1.00577
0.99348
0.99150
0.98464
0.98464
0.98681
0.98211
0.98425
0.98481
0.98481
0.98945
0.99074
0.99513
0.99959
0.99959
1.00144
1.00238
1.00238
1.00579
0.99353
0.99187
0.99187
0.99161
0.98713
0.98912
0.99024
0.98771
0.99139
0.99274
0.99274
0.99352
0.99313
0.99086
0.99089
0.99004
0.99004
0.98966
0.98966
0.98763
0.99167
0.99167
0.99100
0.98819
0.98819
0.98876
0.98876
0.98876
0.98876
0.99617
0.99617
0.99257
0.99373
0.98883
0.98572
0.99606
0.99892
0.99854
0.99854
0.99245
0.99993
0.99499
0.99499
0.99805
0.98723
0.98978
0.99027
0.98948
0.98602
0.99123
0.99150
0.98961
0.98273
0.98428
0.98428
0.99175
0.99295
0.99136
0.99136
0.99512
0.99984
0.99077
0.99120
0.99500
0.99500
0.99493
0.99493
0.99955
1.00825
1.00422
1.00356
0.99926
0.99996
0.99947
1.00027
0.99920
1.00228
0.99781
0.99269
0.99914
0.99604
0.99148
0.98620
0.98676
0.98724
0.98724
0.99325
0.98987
0.99382
0.99410
0.98986
0.99062
0.99167
0.99146
0.99056
0.99395
0.99499
0.99684
0.99684
0.99602
0.99890
0.99828
0.99828
0.99267
0.98722
0.99361
1.00119
0.99453
0.99230
0.99269
0.99269
0.99269
0.99463
0.99221
0.99469
0.99670
0.99670
0.99478
1.00250
0.99889
1.00721
1.00721
1.00052
1.00308
0.99507
0.99176
0.99708
0.99708
0.99955
0.99799
0.99789
0.98917
0.98889
0.98380
0.98281
0.98380
0.97724
0.97681
0.97881
0.98309
0.98309
0.97995
0.98346
0.98607
0.98607
0.98319
0.98727
0.98466
0.99098
0.98805
0.98400
0.99255
0.99213
0.99998
0.99923
0.99898
1.00139
0.99419
0.99419
0.99683
0.99993
0.99996
0.99996
0.99814
0.99439
0.99957
0.99957
0.99363
0.99164
0.98877
0.99534
0.99276
0.99276
0.99213
0.98870
0.99652
0.99279
0.99740
0.99467
1.00109
0.99647
0.99647
0.99647
0.99592
0.99592
1.01000
1.00754
1.00080
1.00427
0.99803
0.99891
0.99697
0.99697
1.00297
1.00532
1.00003
1.00283
1.00009
1.00014
0.99768
1.00493
0.99894
0.99990
0.99990
1.00063
0.99375
0.99375
1.00243
0.99894
0.99858
0.99881
1.00317
1.01142
1.00562
1.00562
1.00351
0.99941
1.00948
1.00445
1.00145
0.99328
0.99532
0.99532
0.99665
0.99550
0.98801
0.99254
0.99402
0.99264
0.99264
0.99264
0.99767
0.99802
0.99964
0.99530
0.99530
0.99530
0.98383
0.98383
0.98343
0.98731
0.99315
0.99345
0.99345
0.99345
0.99500
0.99269
0.99664
0.99062
0.98519
0.98519
0.98059
0.98301
0.98998
0.98936
0.98696
0.98696
0.99687
0.99217
0.99628
0.99252
1.00041
1.00848
1.00682
1.00682
1.00551
1.00560
0.99569
0.99598
1.00490
1.00490
1.00490
1.00801
1.01239
1.00793
1.00793
0.99827
0.99504
0.99632
1.00194
1.00194
1.00535
1.00781
1.00548
1.00188
1.00222
1.00091
1.00033
0.98519
0.98519
0.98876
0.98876
0.98437
0.98775
0.98775
1.00161
1.00104
0.99989
0.99989
1.00120
1.00120
1.00170
1.00170
1.00104
1.00084
1.01089
1.00392
1.00376
1.00975
1.01739
1.02136
1.01180
1.01180
1.00705
1.00540
1.00540
1.01118
1.01086
1.00617
0.99819
0.99017
0.99323
0.99581
0.99031
0.99031
0.99474
0.99261
0.99906
0.99906
0.99976
1.00043
1.00656
1.00656
0.99600
0.99600
1.00953
1.00355
0.99684
0.99684
0.99996
0.99996
1.00035
1.00394
1.00269
1.00175
0.99706
0.98143
0.97791
0.97791
0.98004
0.98061
0.99002
0.98971
0.98971
0.99208
0.99623
0.99623
0.99708
0.99708
0.99708
0.99746
1.00444
1.00609
1.00217
0.99769
0.99755
0.99454
0.99454
0.99331
0.99813
0.99518
1.00180
1.00719
1.00028
0.99917
0.99240
0.99028
0.99165
0.99133
0.98440
0.99409
0.98920
0.98908
0.98908
0.98911
0.99343
0.99050
0.99450
0.98692
0.98553
0.98676
0.98828
0.98775
0.99608
1.00391
0.99977
0.99809
1.00364
1.00364
1.00364
1.00838
1.00318
1.00250
0.99876
0.99876
0.99876
0.99603
0.99166
0.99258
0.99258
0.99258
0.99729
0.99104
0.98676
0.98486
0.98486
0.98590
0.99310
1.00009
0.99793
0.99880
0.99878
0.99878
1.00475
1.00269
1.00301
1.00301
1.00470
1.00830
1.00511
1.00243
0.99786
1.00141
1.00141
1.00141
1.00141
0.99435
0.99278
0.99936
1.00655
1.00452
1.00871
0.99880
0.99785
0.99461
0.99901
0.99901
1.00726
1.00246
1.00301
1.00145
0.99232
0.98953
0.98425
0.98766
0.98618
0.98618
0.99524
0.99524
0.99524
0.99613
0.99613
0.99653
0.99041
0.99593
0.98688
0.99136
0.99296
0.99296
0.99640
0.99508
0.99187
0.98962
0.98962
0.99324
0.99314
0.99314
0.99314
0.99314
0.99314
0.99645
0.99509
0.99274
1.00039
1.00557
0.99868
0.99868
1.00048
1.00048
0.99475
0.99475
0.99561
0.99561
0.99561
0.98911
0.98911
0.98546
0.99132
0.99139
0.98716
0.98385
0.98693
0.98151
0.98262
0.97974
0.99439
0.99883
1.00044
1.00569
1.00212
1.00038
1.00102
1.00102
1.00428
1.00428
1.00455
1.00095
1.00095
1.00208
1.00080
1.00080
1.00080
0.99938
0.99842
0.99539
0.99386
0.99951
0.99419
0.99419
0.99381
0.99379
0.99604
0.99796
0.99796
0.99476
0.99476
0.99857
0.99868
0.99868
0.99868
0.99944
0.99789
0.99210
0.99082
0.99082
0.98654
0.98526
0.99568
1.00295
0.99951
0.99970
0.99727
0.99727
0.99742
0.99742
1.00092
0.99917
1.00031
0.99695
0.99655
0.99675
0.99312
0.99312
0.99599
0.99607
0.99228
0.98971
0.99279
0.98493
0.98493
0.98203
0.98293
0.98643
0.98691
0.98320
0.99213
0.99213
0.98922
0.98922
0.99116
0.98776
0.98307
0.98307
0.98884
0.99286
0.99997
0.99997
0.99997
0.99997
0.99783
1.00121
0.99823
1.00271
0.99668
0.99596
0.99863
0.99424
0.99181
1.00005
0.99745
1.00226
1.00628
0.99867
0.99749
0.99749
1.00451
1.00451
1.00993
1.01136
1.01383
1.01286
1.00321
1.00321
1.01126
1.00622
0.99965
0.99965
1.00319
1.00319
1.00319
0.99875
0.99947
0.99947
0.99858
1.00131
0.99498
0.99782
0.99714
0.99090
1.00583
1.00149
0.99757
0.99384
0.99384
0.99384
0.99584
0.99604
0.99822
0.99822
0.99289
0.99598
0.99553
0.99407
0.99816
0.99293
0.99296
0.99296
0.99655
0.99559
0.99559
0.99559
0.99240
0.99240
0.98739
0.99362
0.99563
0.99930
0.99341
0.99324
1.00031
0.99879
1.00425
1.00205
0.99242
0.99242
0.99463
0.99416
0.99220
0.99185
0.99162
0.99901
0.99901
0.99901
1.00173
1.00173
1.00730
1.00730
1.00803
1.00597
1.00174
0.99784
1.00358
1.00358
1.00291
0.99769
0.99769
1.00214
1.00214
1.00214
0.99990
0.99965
0.99965
0.99117
0.98848
0.98788
0.99658
0.99658
0.99619
0.99466
0.99441
1.00139
1.00077
0.99491
0.99602
0.99373
1.00167
1.00167
0.99668
0.99199
0.99408
0.99394
0.99672
0.99567
0.99785
1.00566
1.00566
1.00566
1.00566
1.00566
1.00566
1.00374
0.99979
0.99979
1.00200
1.00132
1.00092
1.00092
0.99461
0.99461
0.99461
0.99461
0.99518
0.99896
1.00514
1.00256
0.99171
0.99005
0.99005
0.99571
0.99571
0.99374
1.00820
1.00820
1.00554
1.00050
1.01021
1.00251
1.00821
1.00538
1.00416
1.00395
0.99066
0.99836
0.99535
0.99719
0.98995
0.98321
0.98299
0.98730
0.98486
0.98863
0.99786
0.99786
1.00048
1.01074
1.01124
1.01124
1.01124
1.00260
1.00738
1.00738
0.99996
1.00439
1.00439
1.00593
0.99727
0.99526
1.00473
1.00473
1.01103
1.01102
1.01227
1.00603
0.99911
0.99911
0.99504
1.00233
1.00037
0.99356
0.99818
0.99818
0.99763
0.99763
0.99763
0.99763
1.00309
1.00309
1.00469
1.01178
1.00477
1.00477
1.00002
1.00217
1.00424
1.00424
0.99975
1.00236
0.99621
0.99411
0.98935
0.99579
0.99735
0.99715
0.99008
0.99008
0.99986
1.00236
1.00236
1.00513
1.00513
1.00513
1.00052
1.00455
1.00119
1.00350
0.99443
0.99701
0.99595
0.99652
0.99652
1.00567
1.00126
0.99603
0.99585
1.00185
1.00124
1.00523
1.00007
1.00326
1.00673
1.00543
1.00354
0.99719
0.99719
0.99374
0.99149
0.98032
0.99099
0.99186
0.99186
0.99439
0.99101
0.98928
0.98837
0.99474
0.99514
0.99514
0.98916
0.98914
0.98914
0.98914
0.99234
0.99234
0.99716
1.00120
0.99901
0.99935
0.98976
0.98976
0.98697
0.98697
0.97915
0.97915
0.98607
0.98607
0.99786
0.99786
0.99786
0.99786
0.99795
0.99540
1.00522
1.00847
0.99902
1.00070
1.00789
1.00846
0.99655
1.00118
1.00304
1.00105
1.00161
1.00161
1.00321
1.00321
0.99745
1.00176
0.99884
0.99844
1.00527
1.01140
1.01021
1.01021
1.00183
1.00183
1.00969
1.01155
1.00644
1.00644
1.00589
1.00589
1.00589
1.00589
1.00368
1.00288
1.00288
0.99373
0.99373
0.99428
0.99523
0.99867
1.00211
1.00326
1.00694
1.00694
1.00043
1.00043
0.99925
0.99709
0.99351
0.99351
0.98816
0.99000
0.98760
0.99493
0.99927
0.99257
0.99396
0.99396
0.99270
0.99564
0.99770
1.00215
0.99502
0.99125
0.99027
0.99027
0.99152
0.99784
0.99004
0.98709
0.99221
0.98392
0.99749
0.99901
0.99983
1.00251
0.99828
1.00141
1.00286
1.00447
1.00447
1.00183
1.00092
1.00217
1.00069
1.00655
1.00655
1.00444
1.00176
1.00176
1.00280
1.00522
1.00999
1.00999
1.00493
1.01273
1.01101
1.01046
1.01421
1.01881
1.01723
1.01820
1.01197
1.01101
1.01131
1.01131
1.00522
0.99726
0.99375
0.99375
0.98962
0.98613
0.98843
0.98151
0.98115
0.98554
0.98817
0.98587
0.99538
0.98989
0.98989
0.98717
0.98881
0.99146
1.00233
1.00233
1.00084
1.00290
1.00045
1.00045
1.00648
1.00679
1.00213
0.99138
1.00101
1.00339
1.01232
1.00986
1.00088
0.99016
0.98291
0.98291
0.98462
0.98763
0.99066
1.00013
1.00059
1.00592
1.01228
1.00787
1.00600
1.01307
1.01307
1.01307
1.00640
1.00597
1.01286
1.01286
1.00921
1.00710
1.00006
1.00188
1.00445
0.99917
1.00570
1.01429
1.01429
1.01429
1.01220
1.00310
0.99761
0.99547
0.99608
0.99856
0.99124
0.98981
0.99146
0.99588
0.99817
0.98914
0.99452
0.99749
1.00437
1.00437
1.00172
1.00872
1.00448
1.00279
1.00409
1.00233
0.99885
0.99671
0.99489
0.98679
0.99114
0.99114
0.99115
0.98479
0.98479
0.98602
0.98500
0.98500
0.99069
0.99069
0.99494
1.00134
1.01096
1.00818
0.99925
0.99814
1.00308
1.00289
1.00289
1.00062
0.99447
0.98608
0.99053
0.99039
0.99334
0.99101
0.99356
0.99356
0.98788
0.98788
0.98788
0.98788
0.99330
0.99330
1.00015
1.00106
0.99644
1.00315
0.99787
1.00290
0.99690
0.99291
0.99684
0.99684
0.99186
0.99356
0.99356
0.99648
0.99446
0.99997
0.99924
1.00023
1.00023
0.99378
0.99013
0.98887
0.99375
0.99375
0.98623
0.98477
0.99011
0.99186
0.98486
0.99111
0.99111
0.98714
0.99074
0.99049
0.98786
0.98786
0.98203
0.97941
0.97859
0.99111
0.99111
0.99111
0.99468
1.00533
1.01793
1.01384
1.00452
1.00452
1.00452
1.00452
1.01595
1.00832
1.00725
1.01079
1.00559
0.99964
0.99964
0.99377
0.99122
0.98174
0.98509
0.98466
0.98993
0.98191
0.98748
0.98679
0.98598
0.99393
0.99917
0.99917
0.99776
0.99730
0.99730
0.99254
1.00069
1.00678
1.01074
1.00277
1.00382
1.00387
1.00391
1.00730
1.00730
1.00730
1.00436
0.99979
1.00315
1.00718
1.00676
1.00997
1.00586
0.99779
0.99614
0.99614
0.99382
0.99325
0.99325
0.99222
0.99274
0.99274
0.99274
0.98711
0.98750
0.98750
0.98815
0.98694
0.98676
0.98676
0.99407
0.99228
0.99228
0.98928
0.98928
0.98779
0.98719
0.98493
0.98493
0.99319
0.98572
0.98572
0.98410
0.98410
0.98682
0.98682
0.98959
0.98959
0.98009
0.97896
0.98416
0.98416
0.98416
0.98055
0.98186
0.98656
0.97977
0.97937
0.97958
0.98464
0.98464
0.98816
0.98773
0.99208
0.98981
0.98609
0.99236
0.99753
0.99577
0.99572
0.99572
0.99585
0.98888
0.99231
0.99159
0.98893
0.98368
0.98368
0.98368
0.98368
0.98771
0.98694
0.98694
0.98694
0.98495
0.98374
0.99042
0.99703
1.00168
1.00343
0.99698
0.99556
1.00086
1.00088
0.99578
0.99578
0.98628
0.99192
0.99213
0.99328
0.99425
0.99667
1.00008
1.00008
0.99955
0.99955
1.00324
1.00324
1.00909
0.99759
0.99890
0.99890
0.99341
0.99341
0.99710
1.00027
0.99981
1.00161
1.00826
1.00643
0.99156
0.98675
0.98902
0.99062
0.99707
0.99707
0.99707
0.99707
0.99126
0.99171
0.99254
0.99529
0.99451
0.98639
0.98941
0.98941
0.98383
0.98383
0.98653
0.98126
0.97808
0.97143
0.97874
0.98944
0.98472
0.98994
0.98375
0.98930
0.99385
0.99150
0.99514
0.99514
0.99498
0.99160
0.99160
0.99492
0.99344
1.00235
1.00106
1.00106
1.00301
1.00229
0.99826
0.99688
0.99688
0.99688
1.00209
1.00279
1.00993
1.01156
1.00342
1.00538
1.00089
0.99858
1.00313
0.99853
0.99508
0.99508
0.99508
0.99508
0.98749
0.98302
0.98866
0.98866
0.98672
0.98672
0.98529
0.99141
0.99857
1.00654
1.00774
1.00870
1.00870
1.00870
1.01246
1.00458
1.00520
0.99825
0.99825
0.99825
1.00094
1.00094
0.99943
1.00122
0.99359
0.99359
0.99359
0.99151
0.99554
0.99554
0.99814
1.00104
1.00309
1.00309
1.00309
1.00309
1.00300
1.00300
1.00254
1.00254
1.00011
1.00388
1.00388
1.00388
0.99646
0.99646
1.00000
0.99756
0.99164
0.98293
0.98293
0.98293
0.99171
0.99171
0.99065
0.99287
0.99930
1.00317
1.00086
0.99865
0.99298
0.99298
0.99680
0.99583
0.98881
0.99763
0.99557
0.99033
0.98509
0.98512
0.98346
0.98181
0.98181
0.98319
0.98413
0.99062
0.99357
0.99309
0.99305
0.99361
0.98930
0.98930
0.99298
0.99298
0.99585
0.99585
0.99585
0.99585
0.99585
0.99999
0.99632
0.98953
0.98552
0.98552
0.98939
0.98939
0.98692
0.99134
0.99205
0.99445
0.99445
0.99167
1.00006
0.99812
0.99812
1.00017
1.00499
0.99594
0.99654
0.99654
0.99654
1.00012
0.99293
0.99293
0.99804
1.00239
1.00903
1.00199
1.00079
0.99658
1.00287
1.00775
0.99398
0.99398
0.99398
0.99175
0.99094
0.99094
1.00038
1.00132
1.00380
1.00575
1.00432
1.00432
1.00461
1.00772
1.00772
1.00007
0.99879
1.00130
1.00412
1.00707
1.00707
1.01126
1.00921
1.00921
0.99931
0.99946
0.99447
0.99068
0.99824
0.99824
0.99306
0.98630
0.98572
0.98705
0.99343
0.98789
0.98789
0.98715
0.98285
0.98285
0.98370
0.97901
0.98429
0.98139
0.97996
0.98405
0.99125
0.99027
0.99027
0.99936
1.00195
0.99585
0.99805
0.99402
0.99432
0.99208
0.99122
0.99741
0.98654
0.98014
0.98014
0.98477
0.98477
0.99335
0.98318
0.98318
0.99102
0.99103
0.98940
0.98757
0.98908
0.99312
0.99565
0.99281
0.99198
0.99111
0.98830
0.98830
0.98904
0.98301
0.98301
0.98928
0.99058
0.99058
0.99561
0.99329
0.98992
