-12341.81143
-12279.64568
-12252.66923
-12279.01204
-12305.08103
-12277.39132
-12355.11483
-12253.71850
-12332.58436
-12286.28080
-12379.90893
-12350.23093
-12362.12198
-12315.59809
-12323.66417
-12327.36488
-12347.74946
-12255.50200
-12277.16641
-12330.63957
-12307.09912
-12290.79003
-12305.75186
-12216.72251
-12287.88493
-12299.31016
-12301.18172
-12274.62481
-12285.73748
-12361.53098
-12364.58720
-12346.11282
-12274.28694
-12292.23004
-12276.04548
-12298.38832
-12254.27521
-12195.22542
-12201.72842
-12173.89149
-12266.47126
-12302.97480
-12288.51456
-12240.48294
-12285.43344
-12241.71456
-12275.28472
-12263.82401
-12207.63669
-12247.22686
-12249.44734
-12302.70907
-12267.00928
-12297.39213
-12277.46330
-12211.10514
-12321.25220
-12269.22130
-12264.41583
-12226.55557
-12202.22855
-12255.65368
-12297.22639
-12274.86387
-12260.55150
-12216.61137
-12329.72123
-12306.04740
-12247.25754
-12269.22975
-12239.34071
-12237.80897
-12216.12413
-12299.11637
-12266.62541
-12185.85652
-12193.73428
-12206.71522
-12238.82080
-12224.04961
-12230.37171
-12224.40121
-12207.68736
-12244.88064
-12194.84014
-12164.09256
-12209.86440
-12232.52994
-12187.40922
-12208.99054
-12259.69035
-12304.00670
-12247.22990
-12239.06048
-12216.50924
-12243.32382
-12228.05417
-12262.92562
-12312.97649
-12285.64664
-12325.36317
-12258.58095
-12252.54538
-12284.93662
-12324.37965
-12280.62918
-12248.34064
-12282.68722
-12261.31377
-12262.14029
-12234.17990
-12209.93555
-12307.85951
-12325.02102
-12299.91762
-12327.33939
-12351.92146
-12316.46407
-12259.05160
-12285.38779
-12269.50002
-12242.61539
-12259.82304
-12231.54886
-12191.97862
-12194.23685
-12247.64777
-12281.19422
-12225.88054
-12229.69910
-12304.58521
-12294.56978
-12340.53741
-12327.51180
-12295.98936
-12227.42825
-12306.97584
-12276.91680
-12328.65733
-12261.74457
-12334.01306
-12263.26831
-12259.44354
-12264.44199
-12200.90780
-12222.00863
-12173.71528
-12189.46960
-12327.81338
-12345.52643
-12312.85019
-12347.12240
-12293.08771
-12293.62136
-12240.83801
-12173.67860
-12164.60809
-12263.70556
-12242.45741
-12293.76693
-12290.20340
-12243.96693
-12310.92911
-12269.55570
-12264.28589
-12332.73436
-12282.44641
-12320.52050
-12312.95093
-12333.20613
-12303.73559
-12362.96572
-12343.72986
-12313.63982
-12350.75593
-12324.69971
-12333.91606
-12297.29214
-12267.45482
-12250.29411
-12300.56857
-12279.37863
-12242.64460
-12306.65890
-12339.53847
-12404.62083
-12341.53617
-12333.01732
-12298.75998
-12306.64233
-12317.58916
-12271.77291
-12346.67467
-12308.86970
-12265.03943
-12286.50390
-12258.90078
-12304.60893
-12313.15489
-12291.16785
-12252.67339
-12262.60373
-12237.51566
-12274.92514
-12283.02268
-12310.78014
-12274.46474
-12339.17034
-12271.30907
-12319.24603
-12323.52925
-12273.02110
-12207.85135
-12276.57165
-12270.00243
-12281.52737
-12290.04466
-12288.22459
-12271.15196
-12249.78748
-12204.07199
-12304.88711
-12215.67168
-12250.47435
-12295.40924
-12200.04874
-12254.31194
-12277.52980
-12229.66639
-12228.64021
-12236.71497
-12290.63563
-12257.24304
-12238.24463
-12259.14574
-12252.70714
-12281.34020
-12288.25425
-12299.94232
-12302.93040
-12291.00309
-12277.26417
-12360.44620
-12297.08977
-12304.98630
-12316.17877
-12273.59364
-12271.44356
-12255.42686
-12266.68479
-12283.44153
-12278.28738
-12271.62366
-12303.06648
-12285.14404
-12251.61353
-12279.32135
-12334.40668
-12319.79343
-12260.45035
-12236.67594
-12267.70260
-12246.42961
-12256.56518
-12241.91094
-12298.45251
-12306.44119
-12329.03069
-12272.28844
-12258.75978
-12258.98637
-12266.64079
-12255.98118
-12255.48282
-12258.12121
-12287.20223
-12321.68527
-12324.45381
-12236.14120
-12253.94275
-12278.28755
-12171.94879
-12257.55870
-12258.04089
-12221.97514
-12259.39583
-12249.51227
-12281.65716
-12292.12887
-12248.69399
-12203.51651
-12187.85623
-12188.56836
-12198.62044
-12235.83154
-12257.78240
-12307.78915
-12246.37089
-12255.49335
-12314.48550
-12292.62409
-12294.40776
-12256.96547
-12283.36208
-12271.65327
-12299.45049
-12317.28836
-12330.83398
-12284.45874
-12282.46232
-12286.86872
-12264.82948
-12279.83553
-12228.02550
-12240.85397
-12229.46777
-12233.37214
-12197.31482
-12144.56473
-12203.76210
-12232.17276
-12228.02016
-12271.22438
-12311.19898
-12273.92822
-12269.46884
-12304.23676
-12321.68645
-12284.81558
-12262.40006
-12274.94663
-12282.58570
-12233.17422
-12226.84612
-12280.80506
-12264.46300
-12267.64869
-12264.05329
-12243.37934
-12315.74174
-12352.99567
-12345.87751
-12321.58824
-12373.76000
-12369.64779
-12366.78392
-12324.86436
-12386.54444
-12277.73440
-12305.69823
-12301.09751
-12299.81857
-12287.86976
-12249.54743
-12252.25097
-12320.20720
-12377.77388
-12377.69846
-12392.91775
-12366.45937
-12398.49770
-12323.08498
-12359.16933
-12371.93689
-12370.64448
-12359.00078
-12349.49723
-12345.19175
-12330.26620
-12337.19904
-12253.95835
-12277.72141
-12264.97590
-12287.02765
-12226.92580
-12243.31097
-12320.71414
-12294.77277
-12281.22618
-12307.11479
-12289.52140
-12289.27184
-12290.86120
-12259.73302
-12167.20668
-12240.22713
-12256.78534
-12220.96767
-12187.74671
-12195.34260
-12206.24211
-12222.70275
-12262.39990
-12333.17289
-12366.79098
-12393.80489
-12367.05796
-12333.95069
-12306.63666
-12306.13330
-12309.93738
-12267.63460
-12258.32188
-12314.37961
-12311.11066
-12330.33882
-12344.32647
-12265.24605
-12219.22893
-12255.53956
-12200.91429
-12276.57091
-12353.81139
-12333.12930
-12314.65119
-12299.93253
-12292.68598
-12323.01698
-12341.36091
-12344.75381
-12356.21349
-12359.33031
-12363.37725
-12376.09044
-12306.76770
-12335.12579
-12355.00598
-12265.79872
-12270.66615
-12249.61384
-12318.49092
-12335.23365
-12303.61426
-12294.53087
-12273.96285
-12258.12076
-12308.17820
-12320.71941
-12260.06659
-12303.24979
-12292.19921
-12304.86787
-12330.88811
-12299.12981
-12301.66504
-12277.14306
-12299.37178
-12303.99786
-12316.93088
-12241.45041
-12265.29762
-12240.05571
-12286.05151
-12236.27506
-12302.77782
-12266.64274
-12251.46001
-12284.63106
-12276.10374
-12271.56645
-12392.55968
-12333.92607
-12350.38641
-12280.98377
-12292.69306
-12273.19621
-12324.78820
-12355.54915
-12365.49054
-12356.73591
-12313.15025
-12328.50675
-12282.95321
-12307.59237
-12342.66223
-12290.84926
-12243.63041
-12257.01562
-12329.17097
-12269.95718
-12331.05624
-12277.83298
-12240.97414
-12265.07697
-12328.49342
-12300.14163
-12282.80923
-12246.50021
-12124.22310
-12196.66434
-12263.91782
-12252.48510
-12269.06151
-12299.38053
-12258.27820
-12248.99097
-12300.02110
-12245.81996
-12258.72713
-12286.69918
-12237.58394
-12328.14672
-12331.84066
-12321.56968
-12291.87870
-12344.27877
-12292.63728
-12299.10756
-12275.27011
-12245.30907
-12301.05639
-12323.34856
-12317.23580
-12270.32305
-12283.64875
-12295.26116
-12282.53661
-12265.17695
-12252.73793
-12270.50252
-12315.36662
-12263.81694
-12279.29649
-12249.06326
-12276.42468
-12343.27028
-12313.35611
-12254.58902
-12210.64399
-12248.54185
-12307.83377
-12225.95545
-12276.86829
-12305.10408
-12258.96092
-12284.31529
-12324.87196
-12323.59214
-12405.97530
-12290.65758
-12255.01610
-12306.44713
-12271.53823
-12291.17269
-12299.39877
-12277.08779
-12234.42649
-12262.32844
-12279.43676
-12190.17662
-12239.41761
-12152.65457
-12122.40310
-12153.41649
-12187.21738
-12164.05290
-12155.75384
-12154.82779
-12129.13260
-12199.61776
-12168.85278
-12240.59791
-12232.70334
-12267.35400
-12287.47024
-12297.44073
-12237.86465
-12217.83070
-12214.92699
-12174.71571
-12232.75631
-12243.56124
-12193.09515
-12219.22956
-12252.44360
-12279.38258
-12289.77404
-12291.31227
-12270.65637
-12313.00057
-12311.36310
-12209.78811
-12315.71845
-12327.11735
-12308.25165
-12348.96301
-12299.20748
-12276.10821
-12257.23254
-12244.04040
-12164.38552
-12218.07687
-12225.05106
-12193.55373
-12241.31883
-12326.51787
-12233.07643
-12248.94484
-12235.02735
-12220.71689
-12249.54238
-12303.52784
-12197.73074
-12286.38470
-12293.83112
-12237.80671
-12309.99115
-12240.63547
-12289.42167
-12241.32647
-12227.86941
-12268.52701
-12237.35231
-12237.32931
-12232.65508
-12296.44731
-12246.33411
-12286.49853
-12324.13514
-12305.15495
-12272.79350
-12224.15062
-12235.71489
-12226.35107
-12194.84693
-12268.79857
-12281.10321
-12271.29388
-12264.93826
-12292.53036
-12198.89159
-12221.59257
-12302.78475
-12266.26453
-12276.21662
-12282.26409
-12279.36179
-12205.38041
-12244.39030
-12228.98759
-12200.85461
-12326.22603
-12285.57465
-12293.03905
-12208.79781
-12214.51903
-12241.50862
-12294.26543
-12285.50379
-12246.80993
-12240.08187
-12331.90842
-12291.81583
-12234.55868
-12169.76108
-12227.59049
-12228.00393
-12178.53166
-12234.44185
-12288.14312
-12256.79544
-12239.53754
-12309.89858
-12263.97292
-12255.88545
-12244.48785
-12242.87249
-12284.17843
-12253.43769
-12271.78694
-12260.93004
-12188.62438
-12223.68023
-12208.27452
-12192.68143
-12218.87447
-12254.15595
-12251.82973
-12293.77380
-12245.49866
-12267.47158
-12314.25884
-12322.73535
-12308.13808
-12248.02417
-12238.06999
-12259.89464
-12212.31827
-12239.30219
-12214.49722
-12186.75191
-12155.05279
-12146.34112
-12114.79305
-12185.26041
-12249.16544
-12253.34481
-12349.78157
-12310.25057
-12349.64935
-12164.86373
-12177.02069
-12197.83478
-12240.47458
-12185.91021
-12246.19513
-12227.46191
-12226.05881
-12204.38044
-12225.09099
-12264.00303
-12253.22074
-12291.08230
-12211.72823
-12269.11466
-12344.07440
-12275.65298
-12322.92932
-12231.54527
-12323.20393
-12335.20143
-12385.84758
-12344.95640
-12321.13759
-12240.64781
-12316.93948
-12225.55240
-12222.65158
-12279.11389
-12281.02007
-12332.73524
-12342.05468
-12351.68940
-12359.89169
-12299.05422
-12251.89226
-12314.84211
-12239.09550
-12289.12243
-12261.00641
-12277.52454
-12296.34048
-12319.90493
-12318.61596
-12316.13752
-12289.11355
-12252.80591
-12266.74975
-12256.49867
-12337.09363
-12329.50420
-12342.77853
-12383.68492
-12343.62911
-12348.16770
-12346.21912
-12277.17863
-12291.54700
-12338.49836
-12314.11225
-12343.14885
-12321.08728
-12312.48836
-12361.12466
-12348.22640
-12309.57928
-12318.89214
-12282.89345
-12312.26516
-12357.45487
-12276.31341
-12266.50999
-12256.16670
-12181.64471
-12259.34250
-12293.66937
-12240.58201
-12247.58035
-12238.27939
-12317.36662
-12291.39534
-12267.88062
-12282.77230
-12274.83135
-12330.65098
-12278.48072
-12328.96035
-12244.34740
-12270.77475
-12312.08001
-12279.30465
-12328.14736
-12288.20717
-12277.42719
-12282.79059
-12293.66002
-12368.87903
-12266.08360
-12228.89270
-12184.52932
-12159.68964
-12211.71327
-12186.40026
-12164.43399
-12214.87437
-12247.51422
-12230.02012
-12208.66619
-12128.92207
-12203.55238
-12185.59738
-12143.50004
-12256.45553
-12243.88946
-12227.88425
-12246.86299
-12244.17177
-12195.66101
-12216.60032
-12151.04876
-12294.25393
-12335.34387
-12318.95076
-12364.84641
-12304.03353
-12376.15420
-12301.93207
-12253.99766
-12349.65761
-12313.51768
-12264.72826
-12267.13902
-12288.04973
-12271.08200
-12319.50399
-12283.61062
-12260.42114
-12225.19299
-12232.01758
-12170.36530
-12227.37393
-12244.58174
-12260.08220
-12189.06449
-12101.60592
-12096.21889
-12126.71242
-12122.21163
-12211.22747
-12185.56632
-12215.60304
-12235.84923
-12212.42901
-12257.48073
-12278.48371
-12218.69446
-12176.66612
-12237.50224
-12196.20230
-12133.59017
-12154.70343
-12177.31790
-12261.21704
-12285.21404
-12263.74947
-12318.52714
-12365.49746
-12397.85585
-12384.58034
-12305.71254
-12311.35466
-12324.94865
-12272.87756
-12202.31311
-12248.55026
-12266.92356
-12240.10349
-12182.03977
-12238.80842
-12208.80824
-12241.60681
-12224.43719
-12243.48444
-12184.73315
-12249.94283
-12239.46284
-12259.53558
-12286.47253
-12235.43879
-12304.95393
-12254.72738
-12252.59850
-12224.32007
-12223.80450
-12265.58270
-12223.37515
-12248.77079
-12282.94325
-12181.19485
-12300.59611
-12293.60468
-12279.35194
-12263.83432
-12276.62511
-12220.45306
-12247.09267
-12279.92444
-12260.93408
-12273.84807
-12258.27328
-12260.23611
-12258.19814
-12186.35325
-12238.84053
-12342.70600
-12298.63630
-12266.10991
-12302.11285
-12252.16577
-12312.05557
-12293.85066
-12253.03712
-12218.01694
-12251.19119
-12273.66709
-12225.73883
-12179.54723
-12249.59337
-12275.28065
-12262.42269
-12317.48875
-12225.89882
-12313.20145
-12251.27624
-12202.80729
-12161.66266
-12263.11544
-12241.35982
-12217.18800
-12217.05802
-12251.34409
-12219.64563
-12231.73518
-12285.07549
-12272.29010
-12298.43753
-12319.55040
-12338.48472
-12350.72062
-12349.55612
-12272.65111
-12269.34334
-12286.17687
-12268.46830
-12291.01572
-12325.23213
-12325.00878
-12341.41589
-12284.88093
-12315.11273
-12310.08337
-12304.70569
-12301.43590
-12244.46427
-12251.88210
-12365.05363
-12264.80631
-12226.37916
-12267.68247
-12221.97016
-12207.73152
-12225.43207
-12247.25905
-12265.00661
-12190.46881
-12218.94518
-12247.98091
-12234.33746
-12240.01201
-12231.96309
-12208.79785
-12217.48874
-12193.67226
-12272.66529
-12257.51869
-12280.79030
-12280.22964
-12319.88074
-12313.49769
-12293.73901
-12275.25583
-12287.48904
-12246.70073
-12225.89601
-12329.32308
-12332.50639
-12279.47061
-12297.69112
-12355.40945
-12303.69333
-12340.47402
-12314.45846
-12304.95802
-12329.69417
-12292.64097
-12257.69216
-12327.34503
-12235.52787
-12191.28547
-12217.81647
-12254.91978
-12238.74805
-12180.96913
-12227.82383
-12136.58280
-12218.95075
-12210.71437
-12238.51640
-12309.17469
-12264.29240
-12247.70026
-12267.83434
-12295.80550
-12258.17789
-12372.08072
-12298.05400
-12255.05988
-12215.98980
-12176.12945
-12306.20575
-12275.71803
-12276.48876
-12366.18840
-12317.48783
-12291.01220
-12248.78709
-12217.55121
-12265.55588
-12272.95943
-12246.18983
-12259.72384
-12317.27534
-12293.80303
-12286.94651
-12281.20427
-12243.99658
-12285.55496
-12298.66073
-12285.36599
-12243.51483
-12230.64892
-12323.59272
-12260.61298
-12264.80821
-12235.71104
-12221.06403
-12112.10233
-12145.86031
-12215.80460
-12220.65110
-12217.14892
-12269.13880
-12181.73287
-12216.58716
-12198.82153
-12149.94509
-12183.00211
-12257.11309
-12254.01089
-12293.91470
-12282.67026
-12251.96137
-12304.56489
-12295.32466
-12315.02942
-12309.55480
-12241.21963
-12256.42800
-12332.27350
-12228.61905
-12323.60563
-12222.29672
-12229.62332
-12241.62414
-12304.22163
-12262.48608
-12253.73834
-12228.55458
-12270.69050
-12245.76715
-12228.86702
-12194.55809
-12216.13465
-12233.46981
-12272.43061
-12310.93089
-12358.86007
-12318.46361
-12335.75682
-12357.10471
-12321.64826
-12379.93972
-12251.86572
-12302.29167
-12297.67649
-12279.03085
-12217.01782
-12293.32610
-12208.52068
-12201.84499
-12260.92043
-12260.10746
-12246.34003
-12261.36841
-12271.13142
-12215.39295
-12205.99478
-12267.29487
-12217.86158
-12313.87356
-12271.37045
-12331.06747
-12240.17596
-12215.43297
-12227.45006
-12276.88907
-12227.21234
-12202.68407
-12232.27111
-12264.36667
-12217.78275
-12162.36392
-12150.60761
-12251.63131
-12230.28736
-12175.70832
-12233.76135
-12226.99526
-12279.96005
-12204.60280
-12213.65039
-12177.43875
-12195.27117
-12179.69526
-12243.90731
-12224.92833
-12284.64050
-12313.24823
-12244.21422
-12264.27427
-12200.83918
-12211.06660
-12141.48890
-12135.42603
-12104.12971
-12128.91441
-12173.50589
-12166.25193
-12148.47608
-12226.35924
-12194.86265
-12252.09865
-12247.01257
-12250.12646
-12274.60988
-12353.77515
-12240.08820
-12290.63491
-12236.39074
-12231.19649
-12187.77841
-12223.86415
-12196.33446
-12174.96461
-12173.41914
-12164.42214
-12244.49189
-12224.59118
-12223.60800
-12179.94100
-12156.60081
-12195.53625
-12209.99304
-12236.98682
-12238.58922
-12254.75819
-12239.18311
-12234.81780
-12286.19717
-12194.35731
-12290.03188
-12331.66610
-12293.58269
-12291.30670
-12313.35602
-12228.00297
-12249.74267
-12240.30766
-12318.89074
-12354.52573
-12287.86180
-12352.17898
-12359.29734
-12269.09849
-12305.92726
-12260.92760
-12247.08675
-12305.12880
-12300.21005
-12251.69505
-12171.84272
-12245.67866
-12218.83324
-12176.19903
-12184.76898
-12161.07330
-12154.46939
-12208.17103
-12204.67970
-12264.06308
-12294.01109
-12302.65210
-12341.17889
-12226.64056
-12265.59853
-12291.45305
-12307.70974
-12327.61670
-12273.25030
-12227.29830
-12239.15256
-12209.15535
-12303.72335
-12279.48346
-12297.64185
-12239.51865
-12216.32684
-12221.35019
-12306.29532
-12340.85969
-12268.03637
-12295.11332
-12338.03496
-12315.19913
-12244.93957
-12254.91156
-12263.95648
-12296.87123
-12269.17126
-12306.61785
-12249.84295
-12251.90370
-12287.11424
-12322.19313
-12294.44133
-12345.94241
-12301.19785
-12323.82972
-12323.67003
-12392.09041
-12374.66290
-12382.40161
-12354.79821
-12321.56523
-12281.10193
-12248.71634
-12242.47709
-12299.32864
-12285.52818
-12253.04756
-12128.93825
-12152.79679
-12220.95443
-12218.73007
-12183.88987
-12215.41146
-12243.30918
-12269.73774
-12170.07148
-12275.70866
-12177.23422
-12219.56057
-12229.61232
-12240.55745
-12210.23575
-12247.86194
-12262.23703
-12223.87295
-12194.67722
-12209.46733
-12229.28002
-12214.19356
-12248.70084
-12211.70800
-12226.26085
-12250.70341
-12177.00897
-12146.00424
-12169.36448
-12206.11280
-12135.79450
-12233.48258
-12240.99284
-12255.09866
-12193.86339
-12245.68484
-12199.21190
-12274.03050
-12260.06829
-12289.94872
-12269.20918
-12252.72492
-12242.60007
-12271.13726
-12313.01323
-12276.90631
-12360.09726
-12304.60326
-12302.97317
-12287.49646
-12241.78290
-12280.84362
-12274.84694
-12255.16249
-12243.18081
-12272.48617
-12275.54487
-12252.26110
-12308.00754
-12232.76570
-12315.77146
-12356.37285
-12305.22287
-12363.27465
-12287.27051
-12277.19084
-12360.29231
-12291.48194
-12288.92101
-12332.12322
-12264.41254
-12320.12468
-12314.54785
-12324.06219
-12331.45698
-12286.76870
-12266.91224
-12289.12506
-12312.01538
-12279.33121
-12246.91503
-12252.78174
-12275.15111
-12291.96145
-12259.20264
-12291.14631
-12263.93795
-12345.72821
-12294.43767
-12264.07258
-12236.96912
-12327.15507
-12265.96220
-12263.91910
-12300.52491
-12298.48233
-12234.55720
-12241.69149
-12232.41311
-12265.95513
-12212.00484
-12266.72112
-12284.89705
-12262.88990
-12292.14908
-12280.13240
-12271.51761
-12288.14845
-12330.81090
-12325.36894
-12428.75748
-12338.25351
-12373.52178
-12426.81428
-12355.27526
-12355.65946
-12346.38297
-12329.74358
-12378.57664
-12351.37814
-12322.42851
-12274.34024
-12324.72454
-12287.90094
-12194.70717
-12169.40206
-12142.64587
-12182.91215
-12211.69261
-12232.97819
-12245.06349
-12301.65586
-12282.93806
-12317.15543
-12296.12956
-12307.49742
-12283.95441
-12278.07352
-12340.84339
-12298.36612
-12269.84001
-12283.62402
-12278.95251
-12272.91756
-12254.57185
-12253.70338
-12334.92778
-12300.03529
-12295.79336
-12334.77596
-12325.47769
-12289.13580
-12232.36460
-12242.85969
-12147.90013
-12238.64038
-12268.43521
-12285.84877
-12247.53235
-12249.00121
-12226.39204
-12358.96658
-12353.28699
-12378.51575
-12338.44393
-12337.27882
-12337.80703
-12340.17587
-12293.24302
-12357.08338
-12340.94810
-12311.76093
-12300.02573
-12262.16720
-12252.03030
-12228.11434
-12313.27681
-12323.70624
-12334.31271
-12269.55762
-12340.95980
-12307.85426
-12267.85836
-12320.35112
-12290.60436
-12249.16951
-12157.83602
-12216.66422
-12159.36188
-12238.11221
-12295.47606
-12273.97797
-12272.14913
-12227.73120
-12221.47282
-12233.14331
-12208.74596
-12268.62917
-12317.66594
-12277.29907
-12332.43133
-12313.43513
-12274.40806
-12319.20658
-12317.24087
-12294.47175
-12224.17173
-12237.50065
-12248.86158
-12323.77390
-12225.48844
-12246.43333
-12252.03143
-12328.20802
-12282.45812
-12293.79757
-12301.15444
-12251.92610
-12257.58284
-12224.50216
-12232.53431
-12260.72408
-12227.71722
-12295.78110
-12278.37276
-12325.43183
-12334.21920
-12284.93926
-12278.17239
-12282.82346
-12270.03274
-12282.11153
-12278.19853
-12264.18604
-12277.08588
-12271.04296
-12244.28897
-12240.34684
-12311.30303
-12273.22220
-12286.12697
-12185.60524
-12220.76066
-12313.81234
-12345.12309
-12288.98430
-12315.33116
-12365.62343
-12284.26813
-12294.53948
-12186.08669
-12214.15116
-12152.44894
-12256.29612
-12202.69460
-12188.10710
-12171.51376
-12181.97181
-12145.77429
-12209.32504
-12216.60300
-12294.43877
-12307.17094
-12325.99772
-12288.98418
-12262.32079
-12212.34229
-12245.41116
-12274.54913
-12292.91553
-12202.12258
-12228.56196
-12226.64182
-12242.41042
-12243.36985
-12243.71238
-12276.64377
-12293.98964
-12337.04378
-12328.92265
-12323.91790
-12395.23219
-12301.07234
-12269.50267
-12335.22150
-12239.03436
-12321.50941
-12239.26926
-12302.73692
-12336.95947
-12261.36858
-12241.48994
-12237.83913
-12272.98537
-12234.73761
-12206.98115
-12191.83421
-12256.86205
-12263.28684
-12225.86352
-12208.42605
-12253.19485
-12234.56119
-12243.88135
-12240.73207
-12213.38798
-12223.62488
-12235.81009
-12278.47499
-12271.92150
-12212.21164
-12270.13323
-12272.25077
-12321.92259
-12294.49363
-12362.56662
-12394.45787
-12328.49646
-12318.55921
-12295.64470
-12285.86646
-12315.42947
-12266.17206
-12254.52288
-12163.51519
-12211.62227
-12205.72689
-12286.98590
-12310.27308
-12279.59401
-12302.73361
-12365.16595
-12312.88425
-12306.39814
-12307.46748
-12311.28089
-12246.62008
-12336.26547
-12351.98688
-12328.82168
-12323.27740
-12284.24153
-12330.98803
-12269.80603
-12296.32958
-12281.58244
-12337.28940
-12234.41810
-12249.83165
-12275.60549
-12291.37367
-12278.06425
-12219.93875
-12254.62427
-12271.31731
-12318.80831
-12269.66148
-12228.27932
-12228.52739
-12271.94958
-12266.57734
-12266.09822
-12274.82544
-12312.83366
-12267.98168
-12363.71053
-12338.11734
-12294.28512
-12294.41900
-12282.24275
-12256.87257
-12242.62340
-12312.79813
-12355.83549
-12304.63881
-12248.05232
-12279.20395
-12289.01218
-12296.11319
-12273.55003
-12201.42052
-12158.17219
-12153.38337
-12146.87526
-12182.42919
-12200.00515
-12208.18876
-12231.65112
-12223.72537
-12227.59453
-12198.62629
-12273.13256
-12270.57977
-12207.05827
-12205.63835
-12256.62762
-12302.08858
-12283.71588
-12268.03166
-12257.40119
-12320.12251
-12266.99870
-12326.55739
-12264.07114
-12197.31893
-12266.42271
-12222.68686
-12242.89890
-12309.80173
-12316.93015
-12255.41516
-12282.45480
-12245.74685
-12217.61949
-12280.65916
-12297.87111
-12278.92372
-12213.25593
-12226.03814
-12247.62653
-12219.87869
-12227.62696
-12175.76915
-12165.93306
-12292.75967
-12289.09823
-12194.27368
-12261.49927
-12289.46307
-12306.96932
-12341.40492
-12275.76225
-12314.12155
-12318.53222
-12324.03050
-12350.79432
-12365.23717
-12401.75839
-12348.13234
-12312.12693
-12307.06679
-12318.39039
-12344.96086
-12351.40718
-12348.84512
-12309.21310
-12310.38954
-12305.96961
-12321.53704
-12239.91003
-12308.91726
-12267.98633
-12252.74299
-12237.44553
-12250.14714
-12324.17491
-12363.91964
-12291.69165
-12341.44580
-12301.91265
-12296.96427
-12252.53986
-12240.97620
-12293.50121
-12295.76371
-12333.92614
-12309.01854
-12337.31213
-12332.62358
-12230.81122
-12237.32006
-12279.24663
-12336.42250
-12278.88200
-12314.32096
-12255.87133
-12259.66400
-12286.64175
-12257.69042
-12245.28674
-12234.76304
-12223.34567
-12234.74315
-12256.93789
-12278.10936
-12292.42262
-12250.39521
-12130.58764
-12187.60062
-12207.76607
-12298.29588
-12283.40704
-12327.83912
-12298.15077
-12270.38567
-12247.89115
-12245.62863
-12255.85862
-12322.06410
-12280.03422
-12279.57183
-12267.64213
-12308.86758
-12263.25892
-12263.19613
-12254.28989
-12265.55152
-12295.07809
-12240.71572
-12318.18676
-12362.53798
-12292.00953
-12252.60437
-12224.92768
-12256.43550
-12265.34154
-12306.71047
-12275.82856
-12212.77228
-12226.40432
-12265.31459
-12261.22793
-12271.33382
-12198.52420
-12199.34754
-12235.02852
-12196.31282
-12286.34654
-12244.92016
-12200.15971
-12267.03935
-12311.85067
-12355.56129
-12302.25702
-12270.12658
-12243.24896
-12223.96780
-12170.94153
-12260.47891
-12237.60280
-12218.43762
-12284.75776
-12270.22648
-12298.81785
-12274.99982
-12262.46456
-12259.98726
-12265.25778
-12308.77152
-12329.70608
-12284.00070
-12279.63434
-12308.09077
-12259.51324
-12268.40575
-12320.08032
-12240.43096
-12292.68939
-12300.80746
-12344.64751
-12364.19760
-12334.91321
-12326.39604
-12299.84916
-12254.64697
-12295.83846
-12239.80282
-12312.01434
-12357.49385
-12308.67253
-12307.96383
-12338.25248
-12355.43834
-12394.59505
-12396.07272
-12334.26458
-12316.97309
-12333.94186
-12318.69609
-12338.59630
-12293.29455
-12266.53131
-12253.08476
-12290.16207
-12303.72080
-12271.93493
-12279.19716
-12267.24489
-12342.64439
-12285.28321
-12322.06946
-12299.35562
-12251.09063
-12360.16284
-12290.70105
-12315.98874
-12336.48456
-12270.54514
-12309.54366
-12280.16377
-12257.33179
-12173.57975
-12205.09834
-12237.61574
-12237.96913
-12276.02257
-12233.68054
-12259.52628
-12208.26712
-12211.26081
-12287.66517
-12362.66926
-12290.34007
-12317.27261
-12231.86178
-12200.05386
-12205.85380
-12192.25044
-12221.06065
-12267.04092
-12342.29014
-12219.59021
-12290.08126
-12340.75600
-12313.57940
-12314.35223
-12261.19058
-12299.84549
-12308.54597
-12264.03667
-12281.33183
-12253.11343
-12278.94223
-12250.40152
-12278.94010
-12293.24024
-12293.54622
-12317.53361
-12179.99898
-12211.77051
-12279.03789
-12240.52698
-12262.96935
-12302.04012
-12303.97915
-12250.15456
-12241.16608
-12265.52899
-12310.23120
-12241.66546
-12302.34467
-12265.78257
-12289.27047
-12266.91808
-12248.13134
-12270.94421
-12317.90337
-12308.97476
-12251.68936
-12297.13187
-12279.32913
-12272.80050
-12240.34609
-12270.29753
-12138.60166
-12114.70881
-12187.77173
-12146.33863
-12150.83748
-12211.55858
-12184.43335
-12234.87019
-12163.06957
-12149.06911
-12134.02806
-12151.20133
-12170.98874
-12218.88729
-12178.44466
-12191.77268
-12154.73706
-12267.74533
-12227.17737
-12237.28953
-12264.35938
-12253.78197
-12274.25695
-12280.73295
-12283.14053
-12301.64478
-12240.79417
-12237.79241
-12296.12091
-12325.17048
-12361.59197
-12310.52994
-12264.87106
-12310.84072
-12318.01930
-12360.25764
-12353.46735
-12304.25824
-12323.62368
-12348.67887
-12264.96028
-12303.91145
-12276.64935
-12311.95142
-12291.20467
-12333.77395
-12335.08409
-12220.83290
-12215.67868
-12275.83254
-12250.97499
-12227.05731
-12226.69059
-12196.64797
-12222.06378
-12211.23678
-12135.71451
-12225.17330
-12174.66124
-12190.04090
-12200.00014
-12210.57120
-12198.87275
-12282.45837
-12281.30644
-12237.35721
