29883.87069
29873.25329
29919.46723
30042.41691
30038.15691
30092.55516
30029.16969
29839.16715
29881.75324
29881.75324
29916.08555
30127.62171
30127.62171
30100.87706
30060.26444
29729.25098
29821.11536
29821.11536
29705.65992
30043.80426
30043.80426
30112.44308
30027.41978
30133.56578
30266.27049
30266.27049
30034.93540
30034.93540
30120.30622
30112.58492
29842.34725
29813.19900
29702.79348
29602.55792
29380.01098
29657.22548
29561.50916
29914.46923
29914.46923
29638.99330
29745.86777
29814.03928
29816.49199
29987.76559
29987.76559
29987.76559
29614.22327
29614.22327
29840.84289
29791.28798
29833.51596
30055.72205
30113.64599
29943.85320
29943.85320
29983.50617
29983.50617
29772.93156
29887.16111
29902.91903
29803.24487
29522.09000
29333.81135
29551.62907
29551.62907
29724.09155
29722.06044
29566.09087
29605.13657
29645.23810
29744.32914
30026.10116
29976.18603
29943.83318
29943.83318
30213.23302
30213.23302
30252.20407
30154.72146
30141.95376
30069.77620
30108.38645
30108.38645
29851.55464
29851.55464
29823.49490
29989.61989
30031.77428
29983.65955
30070.05781
30071.61494
29800.65227
29872.24489
30049.41195
29978.95757
29978.95757
29945.32560
29972.67395
29972.67395
29844.00980
29924.68378
29924.68378
29924.68378
29953.24147
29788.22739
29743.40908
29743.40908
29827.36959
29976.13639
30049.85665
30049.85665
30029.40675
29864.98790
29830.96633
30032.76598
30168.43322
30168.43322
30222.29731
30222.29731
30325.48996
30074.00550
30064.05982
29974.09677
30015.73020
30015.73020
30258.71944
30274.61261
30280.24761
30191.00160
30065.12591
30105.68039
30265.24261
30265.24261
30229.04458
29997.61236
29941.25855
29731.94144
29636.97841
29631.85226
29631.85226
29627.91156
29788.68234
29763.13272
29888.74756
29888.74756
29888.74756
29993.12467
29978.20560
29860.45779
29829.63454
29878.32245
30006.38259
29786.84608
30094.86984
30114.18438
30047.30906
30199.24952
29998.39105
29998.39105
29676.89847
29883.86894
29883.86894
29883.86894
30065.78014
29974.73725
30000.13056
30000.13056
29788.60946
29827.76572
29796.70065
29796.70065
29814.96582
29843.47426
29737.87678
29801.69450
29913.23871
29913.23871
29662.35069
29667.01669
29666.87943
29666.87943
29743.82676
29743.82676
29696.67653
29749.53340
29816.03963
29952.75299
29952.75299
29952.75299
29948.69237
29948.69237
29588.24900
29365.98755
29388.82457
29712.54509
29512.88484
29543.43723
29758.13874
29849.04755
29694.35085
29881.88264
29853.55219
29896.61910
29892.99377
29892.99377
29933.77793
30029.90353
29681.13056
29681.13056
29755.63580
29652.84710
29756.18940
29962.44164
29688.18125
29772.93186
29902.52413
29889.44012
29969.23595
29957.04862
29957.04862
29957.04862
30181.85719
30124.83280
30124.83280
30229.86069
30265.67727
30265.67727
30504.59002
30177.12124
30333.69670
30314.46519
30233.61027
30560.16976
30349.19320
30349.19320
30361.20197
30442.45385
30451.92843
30402.70432
30440.67324
30440.67324
30350.90331
30274.57657
30241.14500
30241.14500
30241.14500
30241.14500
30241.14500
30001.32072
30088.58753
30088.58753
29950.66567
29950.66567
30070.31249
29751.20905
29575.61239
29680.87028
29896.45289
29814.56040
29814.56040
29799.86475
30045.38861
30045.38861
30161.19591
30199.83935
30102.52695
30097.20578
29891.04728
29947.97494
29953.24259
29900.51053
29900.51053
29937.28076
30168.29542
30168.29542
30066.93264
30136.48159
29851.07206
30410.65059
30143.15777
30059.57165
30235.00203
30235.00203
30235.00203
30360.42592
30416.05979
30369.76416
29968.17300
30052.41440
30102.33147
29992.73725
29972.09775
30091.22299
30209.78975
29961.95857
29998.54641
30232.00766
30490.10171
30452.11422
30421.49925
30421.49925
30342.18482
30137.56538
30016.20458
30016.20458
29979.03463
30139.05893
30249.41134
30050.14163
30196.16011
30196.16011
30379.08421
30379.08421
30357.94884
30326.41559
30359.51898
30359.51898
30425.60941
30425.60941
30470.31953
30555.76177
30455.71770
30489.79132
30388.62700
30388.62700
30145.38890
30145.38890
29976.08701
30068.89226
30167.51316
30398.19653
30458.04877
30325.51763
30407.38694
30135.23688
30068.74100
29802.22018
29863.08686
29859.27350
29864.05179
30160.98008
30223.55976
30223.55976
30054.58066
30054.58066
30092.76447
29996.33477
29946.57277
30046.41141
29946.82938
29946.82938
29847.12042
29847.12042
29842.13222
30057.61984
30124.23804
30186.53949
30206.94753
30206.94753
29968.66782
29983.25262
30106.71480
30106.71480
30102.37193
30024.52262
30024.52262
29798.47436
29986.55703
29908.95281
30077.07041
30068.72445
30251.46009
30251.46009
30147.83058
30088.11302
30090.55821
30080.63735
30191.45369
30171.21897
30107.54030
30280.83881
30209.52352
30334.95940
30394.83355
30394.83355
30196.70824
30196.70824
30097.43511
29989.94460
30045.26450
30031.17079
29933.10769
29933.10769
29937.31368
29937.31368
29816.41558
29612.94893
29600.85273
29600.85273
29717.77835
29434.91520
29590.90175
29589.96227
29721.34437
29721.34437
29745.27512
30113.04546
30173.21324
30383.56716
30383.56716
30316.58150
30461.87312
30395.61896
30378.10662
30378.10662
30235.72496
30196.32778
30063.31087
29929.15672
29929.15672
29873.64257
29845.85055
29845.85055
29744.61658
30111.72474
30161.90646
30161.90646
30169.97817
30306.75294
30245.93183
30211.55373
30289.16725
30176.69245
30135.58591
30135.58591
30111.95967
30123.70410
30192.68730
30191.67494
30217.84647
30217.84647
30229.27305
30229.27305
30291.60376
30168.06110
30168.06110
30188.33780
30274.38640
30274.38640
30256.85357
30256.85357
30256.85357
30256.85357
30031.71614
30031.71614
30140.66032
30105.57598
30254.57331
30350.12078
30035.10342
29949.09739
29960.61293
29960.61293
30144.30629
29918.91444
30067.28220
30067.28220
29975.24252
30303.79680
30225.72355
30210.65455
30234.80512
30340.82788
30181.48740
30173.14578
30230.76613
30442.66119
30394.50850
30394.50850
30165.54063
30129.33008
30177.45535
30177.45535
30063.62736
29921.57999
30195.37849
30182.52097
30067.12847
30067.12847
30069.18674
30069.18674
29930.12123
29672.07742
29790.97665
29810.77439
29938.90096
29917.95039
29932.77076
29908.75234
29940.64357
29848.83804
29982.35342
30137.20341
29942.38982
30035.58953
30173.80099
30335.24804
30318.31715
30303.30326
30303.30326
30120.04587
30222.93468
30102.65905
30094.43492
30223.24681
30200.17078
30167.92677
30174.43171
30201.85525
30098.81092
30067.53873
30011.60941
30011.60941
30036.27664
29949.56840
29968.18785
29968.18785
30137.66839
30303.98802
30109.21569
29881.30473
30081.21910
30148.95009
30137.06017
30137.06017
30137.06017
30078.36632
30151.69846
30076.46181
30015.80140
30015.80140
30073.62405
29842.21565
29950.12756
29702.72431
29702.72431
29901.21835
29824.86965
30064.96990
30165.24103
30004.42812
30004.42812
29930.29758
29976.98714
29980.04787
30244.36277
30252.80581
30409.25075
30440.02903
30409.29841
30613.54277
30627.10342
30564.48404
30431.46717
30431.46717
30528.91953
30419.85774
30339.47913
30339.47913
30428.39510
30302.54722
30382.87288
30188.98158
30278.74644
30403.18921
30141.41063
30154.13438
29917.22975
29939.77567
29947.45288
29875.13890
30091.69594
30091.69594
30011.94940
29919.00760
29918.04113
29918.04113
29972.45906
30085.63309
29929.68334
29929.68334
30108.49715
30168.87553
30256.56968
30056.73875
30135.02952
30135.02952
30154.00825
30258.76459
30021.13817
30133.94534
29994.81150
30077.12807
29884.33799
30022.63748
30022.63748
30022.63748
30039.34225
30039.34225
29620.59805
29692.81550
29892.72017
29789.48380
29975.83417
29949.30780
30007.76614
30007.76614
29828.21114
29758.31524
29915.95584
29832.48707
29914.15221
29912.46769
29986.23723
29770.01108
29948.65102
29919.86863
29919.86863
29898.01508
30104.84328
30104.84328
29844.18984
29948.58946
29959.45336
29952.48853
29822.33968
29578.96849
29749.54336
29749.54336
29812.01369
29934.43829
29635.79046
29784.10306
29873.58282
30119.24026
30057.30106
30057.30106
30017.44050
30051.96575
30279.94374
30141.58114
30096.71879
30138.47572
30138.47572
30138.47572
29986.60545
29976.12212
29927.55535
30058.04620
30058.04620
30058.04620
30408.53041
30408.53041
30420.71469
30301.26677
30123.02374
30113.96346
30113.96346
30113.96346
30067.12291
30137.08211
30017.61003
30200.07478
30366.56576
30366.56576
30508.91403
30433.86961
30219.69834
30238.38950
30312.16425
30312.16425
30010.70940
30153.01272
30028.53569
30142.19201
29904.40167
29665.17307
29714.25805
29714.25805
29752.89014
29750.11940
30046.41822
30037.61211
29770.77056
29770.77056
29770.77056
29678.92697
29550.56623
29681.26468
29681.26468
29968.65336
30065.87472
30027.31624
29858.87907
29858.87907
29757.53400
29685.03194
29753.74045
29860.72992
29850.44947
29889.69477
29906.99424
30366.34980
30366.34980
30256.98534
30256.98534
30391.85269
30287.78510
30287.78510
29868.68710
29885.83311
29919.97117
29919.97117
29880.85739
29880.85739
29866.06487
29866.06487
29885.74653
29891.69186
29594.43262
29799.96443
29804.66810
29627.80504
29405.40995
29290.99749
29568.00638
29568.00638
29707.46395
29756.08370
29756.08370
29586.00248
29595.22549
29733.25033
29970.88204
30213.67329
30120.56995
30042.58541
30209.60836
30209.60836
30075.09984
30139.61666
29944.80341
29944.80341
29924.02451
29903.99599
29721.73447
29721.73447
30036.81930
30036.81930
29634.22383
29810.89315
30011.63143
30011.63143
29917.99451
29917.99451
29906.30447
29799.31326
29836.58414
29864.36302
30004.85199
30482.80611
30592.43909
30592.43909
30526.04026
30508.36563
30218.38958
30227.73314
30227.73314
30155.63383
30030.12553
30030.12553
30004.32734
30004.32734
30004.32734
29992.86747
29784.62651
29735.58358
29852.02086
29986.14014
29990.29811
30080.96206
30080.96206
30118.23576
29972.78987
30061.68873
29863.02079
29703.32864
29908.53731
29941.76158
30145.91240
30210.29693
30168.63459
30178.53791
30390.96529
30094.72260
30243.50952
30247.10671
30247.10671
30246.23582
30114.58012
30203.74997
30082.31364
30313.15093
30355.94947
30318.14596
30271.64441
30287.77963
30034.47326
29800.18172
29923.78197
29974.13058
29808.13483
29808.13483
29808.13483
29668.02625
29821.85712
29842.19090
29953.97777
29953.97777
29953.97777
30036.06303
30168.25002
30140.35148
30140.35148
30140.35148
29998.11227
30187.16918
30318.22293
30376.82455
30376.82455
30344.78280
30124.53399
29914.05482
29978.94910
29952.60220
29953.34829
29953.34829
29775.47514
29836.62796
29827.05945
29827.05945
29776.96016
29670.56112
29764.78170
29844.34800
29980.97420
29874.67094
29874.67094
29874.67094
29874.67094
30086.78094
30134.31450
29935.81841
29722.21007
29782.22573
29658.41572
29952.68288
29981.27527
30078.99303
29946.49431
29946.49431
29701.14720
29843.27027
29826.97942
29873.33937
30148.34077
30233.20526
30395.60638
30290.55985
30335.87963
30335.87963
30059.75653
30059.75653
30059.75653
30033.14625
30033.14625
30020.88994
30206.39525
30039.02765
30314.57221
30177.65727
30128.96388
30128.96388
30024.85164
30064.75932
30162.04704
30230.70729
30230.70729
30120.26721
30123.33032
30123.33032
30123.33032
30123.33032
30123.33032
30023.37473
30064.29500
30135.50347
29904.98769
29750.97098
29956.29599
29956.29599
29902.51623
29902.51623
30074.57468
30074.57468
30048.73357
30048.73357
30048.73357
30246.10122
30246.10122
30358.05987
30178.82283
30176.51554
30306.01891
30407.84904
30313.10332
30480.28766
30445.84016
30535.30187
30085.58031
29951.84558
29903.57800
29747.56755
29853.55258
29905.50592
29886.42856
29886.42856
29789.22725
29789.22725
29781.39667
29888.35026
29888.35026
29854.64016
29892.91836
29892.91836
29892.91836
29935.46300
29964.16231
30055.43258
30101.59145
29931.54913
30091.59395
30091.59395
30103.17246
30103.65483
30035.75296
29977.94814
29977.94814
30074.50615
30074.50615
29959.58828
29956.26136
29956.26136
29956.26136
29933.59409
29980.03072
30154.84841
30194.05306
30194.05306
30324.84383
30364.41054
30046.64731
29828.67970
29931.44280
29925.71863
29998.66953
29998.66953
29994.16179
29994.16179
29889.27667
29941.74476
29907.47224
30008.18801
30020.23796
30014.39725
30124.00193
30124.00193
30037.33733
30034.82555
30149.41653
30227.69908
30133.92185
30374.47144
30374.47144
30464.17453
30436.27885
30328.41575
30313.53289
30427.92470
30154.19479
30154.19479
30242.87775
30242.87775
30183.45502
30287.43585
30432.08767
30432.08767
30254.47250
30131.78183
29917.62196
29917.62196
29917.62196
29917.62196
29981.83879
29880.55470
29969.74735
29835.82217
30016.50311
30037.98146
29957.69447
30090.07305
30163.89316
29915.13878
29993.20379
29849.39469
29729.94364
29956.50213
29992.11993
29992.11993
29782.55060
29782.55060
29622.68166
29580.67802
29508.55030
29536.91557
29821.11947
29821.11947
29583.64797
29731.87966
29927.17486
29927.17486
29821.74476
29821.74476
29821.74476
29954.19714
29932.68725
29932.68725
29959.28927
29877.64508
30067.80592
29982.20695
30002.64005
30191.39874
29743.40194
29872.22041
29989.70324
30102.29504
30102.29504
30102.29504
30041.83708
30035.78578
29969.99750
29969.99750
30131.13486
30037.54707
30051.10739
30095.25270
29971.90118
30129.86920
30128.77303
30128.77303
30020.45213
30049.14887
30049.14887
30049.14887
30145.85179
30145.85179
30298.71802
30108.94419
30047.98528
29937.74312
30115.26814
30120.26965
29907.38139
29953.13719
29790.18032
29855.65952
30145.40684
30145.40684
30078.42153
30092.43628
30152.04160
30162.63553
30169.63404
29946.52455
29946.52455
29946.52455
29865.21769
29865.21769
29699.95819
29699.95819
29678.50287
29739.08208
29864.78158
29981.61891
29810.19543
29810.19543
29830.06511
29986.05847
29986.05847
29852.76408
29852.76408
29852.76408
29919.62446
29927.11403
29927.11403
30183.15223
30265.33458
30283.67290
30019.37108
30019.37108
30031.27385
30077.42286
30085.01732
29875.28224
29893.69073
30069.69023
30036.39394
30105.56541
29866.78666
29866.78666
30016.36259
30158.49143
30094.85451
30099.24170
30015.33435
30046.95372
29981.14045
29748.50012
29748.50012
29748.50012
29748.50012
29748.50012
29748.50012
29805.33907
29923.14242
29923.14242
29857.06044
29877.25990
29889.35748
29889.35748
30078.87519
30078.87519
30078.87519
30078.87519
30061.73026
29947.82162
29763.73270
29840.44074
30166.97489
30217.42280
30217.42280
30045.70154
30045.70154
30105.12353
29673.36240
29673.36240
29752.08294
29901.77041
29614.42762
29841.78328
29673.16310
29756.63713
29792.95029
29799.18267
30198.82161
29966.00150
30056.51106
30001.12603
30220.33677
30427.66665
30434.39391
30301.59327
30376.53999
30260.97418
29981.02481
29981.02481
29902.41548
29598.75658
29584.16078
29584.16078
29584.16078
29839.26010
29697.58934
29697.58934
29917.84769
29785.98942
29785.98942
29740.51599
29998.69247
30059.26320
29775.85904
29775.85904
29590.27995
29590.61217
29554.00582
29737.30999
29943.48554
29943.48554
30065.76841
29847.37571
29905.82970
30110.75299
29971.29026
29971.29026
29987.76272
29987.76272
29987.76272
29987.76272
29824.66678
29824.66678
29777.21355
29568.52682
29774.69529
29774.69529
29916.17241
29851.88344
29790.43992
29790.43992
29924.39684
29846.38501
30030.57339
30093.99996
30238.71456
30043.32339
29996.21684
30002.14925
30216.57707
30216.57707
29920.83157
29846.45380
29846.45380
29764.03072
29764.03072
29764.03072
29901.17629
29781.30757
29881.15250
29812.31392
30084.23466
30006.46100
30038.48807
30021.23155
30021.23155
29748.17512
29879.02814
30035.91386
30041.49875
29861.51788
29879.73353
29761.16553
29914.76764
29819.42122
29716.77083
29755.23404
29811.10657
30001.07341
30001.07341
30105.37212
30173.66560
30517.22056
30188.77745
30162.31661
30162.31661
30085.42072
30188.07501
30240.98618
30268.68191
30074.94283
30063.00273
30063.00273
30244.54703
30245.22751
30245.22751
30245.22751
30147.57321
30147.57321
30001.85496
29880.93833
29946.31848
29936.25608
30226.18305
30226.18305
30311.58772
30311.58772
30553.70580
30553.70580
30339.47378
30339.47378
29980.98465
29980.98465
29980.96314
29980.96314
29978.16705
30054.94143
29761.39319
29665.44260
29946.12958
29895.79303
29682.69360
29665.92254
30020.32775
29881.58255
29826.17144
29885.36015
29868.78730
29868.78730
29821.17429
29821.17429
29993.34142
29864.18284
29951.53832
29963.60076
29759.97394
29579.50754
29614.50922
29614.50922
29862.18858
29862.18858
29629.52401
29575.09879
29725.25328
29725.25328
29741.69968
29741.69968
29741.69968
29741.69968
29807.23076
29830.83411
29830.83411
30105.51513
30105.51513
30088.85949
30060.11175
29956.66656
29853.84029
29819.58724
29710.61350
29710.61350
29903.96803
29903.96803
29939.25758
30004.06934
30112.14115
30112.14115
30275.33751
30219.08696
30292.54714
30069.17771
29938.65489
30140.67441
30098.66674
30098.66674
30136.62013
30047.92179
29985.65567
29852.48379
30066.65135
30180.93025
30210.69887
30210.69887
30172.66074
29981.66365
30217.83363
30308.15261
30151.55748
30405.75820
29992.14520
29946.35919
29921.86747
29841.92280
29968.27477
29874.50771
29831.46885
29783.62976
29783.62976
29862.03417
29889.38886
29851.88253
29896.26859
29722.01766
29722.01766
29784.56030
29864.13423
29864.13423
29833.12803
29761.27363
29620.96153
29620.96153
29769.87168
29540.72809
29591.07769
29607.04090
29497.49954
29364.51772
29410.13435
29382.00507
29562.84097
29591.10015
29582.12835
29582.12835
29761.39423
29998.90768
30104.99815
30104.99815
30230.64297
30337.62614
30267.04372
30480.50631
30491.42872
30355.56314
30274.79106
30345.49120
30055.53562
30222.29042
30222.29042
30305.49787
30255.46643
30174.38722
29847.11835
29847.11835
29891.68485
29830.13802
29903.20440
29903.20440
29724.29207
29715.11708
29853.09685
30176.79547
29886.68870
29815.67432
29552.62968
29624.80340
29890.39886
30213.99379
30437.04450
30437.04450
30384.15458
30291.39795
30198.91579
29912.78125
29899.06059
29740.64328
29553.95782
29683.21745
29738.33903
29530.67109
29530.67109
29530.67109
29726.64559
29739.34030
29536.90523
29536.90523
29643.64707
29705.80944
29914.82847
29860.75421
29784.19970
29941.69873
29747.32159
29495.33454
29495.33454
29495.33454
29556.29562
29824.44298
29988.52884
30053.05739
30034.64266
29959.78638
30181.15626
30224.76886
30174.53411
30040.44860
29971.70883
30245.24538
30081.69190
29992.11524
29786.51924
29786.51924
29865.26883
29658.00793
29783.20667
29833.66822
29794.99275
29847.13735
29951.08908
30015.45616
30070.57583
30317.22547
30184.06441
30184.06441
30183.77733
30378.91062
30378.91062
30340.94321
30372.34931
30372.34931
30197.80655
30197.80655
30068.93926
29876.70592
29592.50107
29673.90249
29939.18238
29972.60755
29824.89995
29830.55905
29830.55905
29898.19853
30083.04914
30338.94223
30202.70503
30206.91330
30117.38049
30188.02824
30110.66263
30110.66263
30283.90208
30283.90208
30283.90208
30283.90208
30118.45269
30118.45269
29912.42035
29885.05647
30023.62458
29822.78906
29980.68947
29830.32158
30009.94738
30130.48586
30011.60116
30011.60116
30162.42630
30110.74553
30110.74553
30022.56007
30083.36453
29917.70101
29939.49675
29909.99189
29909.99189
30104.12007
30214.96815
30253.40307
30104.85281
30104.85281
30334.41624
30379.49242
30215.63609
30162.34404
30376.77524
30185.25681
30185.25681
30306.46923
30196.48582
30204.09843
30284.48458
30284.48458
30464.20293
30545.59010
30571.18012
30184.98789
30184.98789
30184.98789
30076.82904
29758.09917
29389.79635
29508.44611
29782.23158
29782.23158
29782.23158
29782.23158
29447.19718
29669.99798
29701.48680
29597.48220
29750.35453
29927.65753
29927.65753
30104.28277
30181.65172
30473.09208
30369.53932
30382.78763
30221.08469
30467.81429
30296.09342
30317.39255
30342.12516
30099.57167
29941.63024
29941.63024
29983.82632
29997.79584
29997.79584
30141.59438
29896.17141
29715.33788
29598.85728
29834.19450
29802.95762
29801.43461
29800.24157
29700.09568
29700.09568
29700.09568
29786.77742
29923.04901
29822.92393
29703.35693
29715.80253
29621.42127
29742.49746
29982.98351
30032.59853
30032.59853
30102.87959
30120.10140
30120.10140
30151.28548
30135.58890
30135.58890
30135.58890
30307.52681
30295.56325
30295.56325
30275.55095
30312.72889
30318.17901
30318.17901
30095.19679
30149.64219
30149.64219
30240.93424
30240.93424
30286.59381
30304.91179
30374.61786
30374.61786
30122.00924
30350.24464
30350.24464
30400.15803
30400.15803
30316.31440
30316.31440
30231.36923
30231.36923
30524.36567
30559.70638
30398.17692
30398.17692
30398.17692
30510.30755
30469.64013
30324.21132
30534.42159
30546.93579
30540.46528
30383.39567
30383.39567
30275.23771
30288.47922
30155.61993
30224.70218
30338.83540
30147.16764
29990.87532
30043.89099
30045.40015
30045.40015
30041.57505
30253.11725
30148.53009
30170.35733
30251.57283
30412.99957
30412.99957
30412.99957
30412.99957
30288.90062
30312.52104
30312.52104
30312.52104
30373.77778
30411.40015
30206.20768
30005.96865
29866.55281
29814.47481
30007.35228
30050.07578
29891.13899
29890.55610
30043.63615
30043.63615
30333.03031
30160.48375
30154.12598
30119.30610
30089.73111
30016.74340
29914.41990
29914.41990
29930.21805
29930.21805
29820.19972
29820.19972
29647.35447
29988.94306
29949.83510
29949.83510
30115.30219
30115.30219
30003.92940
29908.63985
29922.38442
29868.68833
29671.54357
29725.65378
30171.31158
30318.52595
30248.86233
30200.07560
30004.81945
30004.81945
30004.81945
30004.81945
30180.54843
30166.85757
30141.50103
30058.25155
30081.92315
30329.68075
30237.12979
30237.12979
30408.58175
30408.58175
30325.21452
30488.15746
30587.20678
30796.63031
30566.54109
30236.07223
30380.98404
30220.79455
30410.99454
30240.26329
30101.92400
30173.13218
30062.99015
30062.99015
30067.60001
30170.20436
30170.20436
30069.47368
30114.37413
29846.67363
29884.94722
29884.94722
29826.88323
29848.42746
29968.80839
30010.39446
30010.39446
30010.39446
29854.50462
29833.46200
29622.58869
29574.91818
29814.90861
29756.53847
29890.19117
29959.22325
29823.43232
29960.67818
30064.63527
30064.63527
30064.63527
30064.63527
30295.76309
30433.62025
30259.79919
30259.79919
30319.46358
30319.46358
30363.35041
30175.96015
29959.60620
29722.40696
29686.85916
29658.81771
29658.81771
29658.81771
29548.53659
29780.27051
29762.07541
29969.33607
29969.33607
29969.33607
29888.62428
29888.62428
29933.87832
29880.37189
30109.84660
30109.84660
30109.84660
30173.02093
30050.80281
30050.80281
29972.46377
29885.81676
29824.53116
29824.53116
29824.53116
29824.53116
29827.29741
29827.29741
29840.99690
29840.99690
29913.60292
29801.27218
29801.27218
29801.27218
30023.18160
30023.18160
29916.87851
29989.81841
30169.10020
30436.27664
30436.27664
30436.27664
30166.74655
30166.74655
30199.07380
30131.74770
29937.85149
29822.35909
29890.91703
29957.24996
30128.33631
30128.33631
30012.89629
30041.92994
30255.40088
29987.72877
30049.93840
30209.00565
30369.50575
30368.55473
30420.05209
30471.17213
30471.17213
30428.26055
30399.21317
30200.19883
30110.42280
30125.07623
30126.19554
30109.02557
30240.26621
30240.26621
30128.26622
30128.26622
30041.39032
30041.39032
30041.30059
30041.30059
30041.30059
29917.08537
30027.39823
30233.35869
30356.22196
30356.22196
30237.52027
30237.52027
30313.31564
30178.21467
30156.65899
30083.69879
30083.69879
30168.18783
29914.92388
29973.03875
29973.03875
29911.74753
29768.14004
30038.59370
30020.54367
30020.54367
30020.54367
29913.08793
30129.87004
30129.87004
29975.61747
29845.56707
29649.10344
29857.24474
29893.12173
30019.45995
29831.13546
29686.79611
30097.84075
30097.84075
30097.84075
30165.63373
30190.24368
30190.24368
29905.43132
29877.27414
29803.61628
29745.70864
29787.95377
29787.95377
29779.42289
29687.55122
29687.55122
29914.72819
29952.86841
29877.89009
29794.02143
29706.88088
29706.88088
29583.54067
29643.61408
29643.61408
29937.48753
29933.07925
30082.98133
30198.07486
29969.66616
29969.66616
30125.87078
30332.32104
30350.21797
30309.41620
30114.51621
30283.56650
30283.56650
30306.16955
30438.69499
30438.69499
30412.37211
30558.18459
30394.34944
30483.98935
30528.56931
30401.55361
30180.85993
30210.81007
30210.81007
29935.87809
29858.41227
30041.45129
29975.35365
30096.71316
30087.62855
30155.70039
30181.83915
29994.51990
30325.05277
30522.97945
30522.97945
30379.39683
30379.39683
30117.09605
30428.60706
30428.60706
30187.86328
30187.57931
30237.42738
30293.29650
30247.01031
30123.99849
30047.34846
30133.36107
30158.71300
30185.06472
30270.99617
30270.99617
30248.34059
30433.85196
30433.85196
30240.85723
30201.20940
30201.20940
30048.72012
30118.84495
30221.36008
