0.70147513211011
0.7028038221323101
0.7042997530894867
0.7075018754433893
0.709645025677117
0.7110649657005633
0.7187994116792791
0.724249195203866
0.7350071847769284
0.746931052194802
0.767760278268116
0.7899652435715364
0.8274727378760696
0.8135677942090181
0.7690292541646234
0.7791282753899494
0.8016637135389857
0.7860840559346335
0.793692143744464
0.7899307398962516
0.784892322749337
0.7886457128533466
0.7886267792944303
0.788943978682018
0.7893259699449932
0.7846912214026076
0.7920079244527607
0.7880100906284595
0.7884072189324921
0.7901343383041984
0.7897988921150444
0.7863813348474623
0.7897133989961459
0.7877420664502938
0.7900466260860806
0.7862707236647221
0.7866160845687185
0.7884894325211291
0.7883508685810259
0.786791629596415
0.788084869278838
0.7883277478989945
0.7900364895787032
0.7876223506190816
0.7888616709518216
0.7874205929417245
0.7882916142866583
0.7914078702724382
0.7873514683452355
0.7886227887518864
0.7877516333746241
0.788451904911808
0.7894769797978776
0.7876814760710544
0.7888986234534076
0.7907404064739108
0.787985382169041
0.7885182396712378
0.7899318639647768
0.7848793690738263
0.791293620219134
0.7887321716906034
0.7888214113762219
0.7913007969062597
0.7866891021970916
0.7901038654127909
0.7891415519844354
0.7870743522467998
0.790784226325265
0.7895690824864002
0.7905612558103827
0.7884674576838496
0.7896292741544103
0.7902515608661378
0.7882794383793587
0.7885829722807298
0.789083644973712
0.7895740781312159
0.7902775424138074
0.7841288101790141
0.7905478610451939
0.7890047689081889
0.7868873546770228
0.7882277561079138
0.7898339962923389
