0.05
0.0525
0.055
0.0575
0.0625
0.0675
0.0775
0.0875
0.1075
0.1275
0.1675
0.2075
0.2875
0.2475
0.1675
0.1875
0.2275
0.1975
0.2175
0.2025
0.1975
0.205
0.2
0.20375
0.205
0.20625
0.20625
0.204375
0.204375
0.205625
0.2053125
0.2046875
0.20515625
0.20484375
0.205078125
0.205078125
0.204921875
0.2049609375
0.2050390625
0.20498046875
0.20498046875
0.20501953125
0.205009765625
0.204990234375
0.205004882813
0.204995117188
0.205002441406
0.205002441406
0.204997558594
0.204998779297
0.205001220703
0.204999389648
0.204999389648
0.205000610352
0.204999694824
0.204999694824
0.205000305176
0.205000152588
0.204999847412
0.204999923706
0.205000076294
0.204999923706
0.204999961853
0.205000038147
0.204999980927
0.204999980927
0.205000019073
0.205000009537
0.204999990463
0.205000009537
0.205000004768
0.204999995232
0.205000004768
0.205000002384
0.204999997616
0.205000002384
0.205000001192
0.204999998808
0.205000000596
0.205000000596
0.204999999404
0.204999999702
0.205000000298
0.204999999851
0.204999999851
0.205000000149
