0.78960
0.78768
0.78559
0.78559
0.78635
0.78149
0.78065
0.78065
0.78065
0.78065
0.78065
0.78065
0.78065
0.77771
0.77265
0.77772
0.77693
0.77665
0.77665
0.77665
0.77665
0.77665
0.77452
0.77452
0.77322
0.77460
0.77659
0.77591
0.77591
0.77869
0.77869
0.78258
0.78258
0.78752
0.78648
0.78750
0.78733
0.77783
0.77783
0.78058
0.78454
0.78454
0.78550
0.78212
0.78527
0.78527
0.78834
0.78834
0.78553
0.78561
0.78858
0.79211
0.79473
0.79473
0.79418
0.79418
0.79418
0.79418
0.79680
0.79942
0.79281
0.79281
0.79310
0.79310
0.79490
0.79490
0.79140
0.78843
0.79282
0.79585
0.79585
0.79804
0.79817
0.78996
0.78996
0.78917
0.78917
0.78740
0.78740
0.78378
0.78045
0.78579
0.78544
0.78845
0.78845
0.79507
0.79733
0.79357
0.79901
0.79236
0.79144
0.79283
0.79283
0.79283
0.79563
0.79230
0.78722
0.78880
0.78880
0.78815
0.78607
0.78536
0.78596
0.78399
0.78399
0.78355
0.78275
0.78275
0.78503
0.77954
0.77954
0.78123
0.78510
0.78697
0.78461
0.78330
0.78277
0.78619
0.78461
0.79203
0.78903
0.78955
0.78899
0.79022
0.79505
0.79505
0.79452
0.79587
0.79719
0.79445
0.79579
0.79362
0.79588
0.79588
0.79588
0.79618
0.79725
0.79621
0.79408
0.79408
0.78936
0.78829
0.79161
0.79002
0.78907
0.78367
0.78367
0.78469
0.78581
0.78581
0.78581
0.78581
0.78538
0.78977
0.78977
0.78993
0.78673
0.78914
0.78802
0.78359
0.78359
0.78781
0.78781
0.78396
0.78396
0.78311
0.78912
0.78661
0.78602
0.78577
0.79127
0.79099
0.78451
0.78180
0.78180
0.78180
0.78688
0.78963
0.78963
0.78963
0.78963
0.78963
0.79043
0.78627
0.79358
0.79261
0.79261
0.79390
0.79099
0.78914
0.79109
0.78958
0.79190
0.79190
0.79190
0.79028
0.79620
0.79812
0.79844
0.79241
0.79241
0.78936
0.78936
0.78936
0.78936
0.78947
0.78985
0.78985
0.78365
0.78556
0.78918
0.78918
0.78893
0.79132
0.79132
0.78981
0.78981
0.78514
0.78514
0.78514
0.78635
0.78635
0.78635
0.79094
0.79713
0.79133
0.79133
0.79105
0.79069
0.79069
0.79069
0.79165
0.79271
0.79449
0.79449
0.78990
0.78990
0.79093
0.79571
0.80056
0.79565
0.79853
0.79391
0.79140
0.79140
0.79592
0.79592
0.79592
0.79396
0.79493
0.79493
0.79493
0.79362
0.79295
0.79295
0.79264
0.79214
0.79214
0.78816
0.79213
0.79213
0.78996
0.78843
0.78843
0.78964
0.78964
0.79039
0.78716
0.78482
0.78652
0.78652
0.78770
0.78770
0.78355
0.78522
0.78478
0.79046
0.79253
0.79253
0.78861
0.78940
0.78718
0.78718
0.78377
0.78377
0.78622
0.79015
0.79015
0.78790
0.78790
0.78284
0.78284
0.78284
0.78425
0.78425
0.78313
0.78313
0.79003
0.79296
0.78874
0.78923
0.78566
0.78787
0.78787
0.78787
0.78830
0.79009
0.78546
0.78548
0.78548
0.78514
0.78514
0.78514
0.78514
0.78514
0.78511
0.79077
0.79106
0.78407
0.78407
0.78333
0.78537
0.79126
0.79306
0.79306
0.78650
0.78650
0.78912
0.79241
0.79223
0.79223
0.79250
0.79250
0.79295
0.79363
0.79252
0.78585
0.78549
0.78549
0.78459
0.78586
0.78735
0.78712
0.78434
0.78572
0.78572
0.78572
0.78572
0.78572
0.78610
0.78679
0.78987
0.79077
0.79622
0.79394
0.78873
0.78875
0.78898
0.78898
0.78450
0.78450
0.78275
0.78211
0.77808
0.77431
0.78140
0.78353
0.78460
0.78412
0.78412
0.78516
0.78381
0.78501
0.78721
0.78698
0.78618
0.78618
0.78538
0.78479
0.78815
0.78815
0.78112
0.78112
0.78520
0.78565
0.78432
0.78839
0.78839
0.78839
0.79095
0.78712
0.78712
0.78712
0.78621
0.78892
0.78842
0.78403
0.78527
0.78633
0.78179
0.78122
0.78004
0.78004
0.77778
0.77669
0.77654
0.77584
0.77819
0.77819
0.77819
0.77819
0.78163
0.78163
0.78094
0.78751
0.78751
0.78751
0.78496
0.78007
0.78270
0.78270
0.78270
0.78365
0.77861
0.77748
0.78768
0.78678
0.78558
0.78558
0.78224
0.78603
0.78702
0.78702
0.78702
0.78702
0.78398
0.78534
0.78767
0.78529
0.78529
0.78552
0.78552
0.78928
0.78928
0.78928
0.78928
0.78928
0.78657
0.78657
0.78657
0.78123
0.78084
0.78084
0.77787
0.78181
0.78109
0.78109
0.77750
0.77750
0.77931
0.77962
0.78025
0.78642
0.77809
0.78271
0.78099
0.78519
0.77992
0.77992
0.77757
0.78136
0.78002
0.78002
0.78409
0.78333
0.78336
0.78014
0.78089
0.78426
0.78709
0.78776
0.78899
0.78855
0.79111
0.78791
0.78791
0.79157
0.77813
0.78195
0.78559
0.78803
0.78681
0.78780
0.78579
0.78579
0.78438
0.78408
0.78920
0.78920
0.78920
0.78883
0.79181
0.79181
0.78819
0.78588
0.78588
0.78484
0.78834
0.79120
0.79120
0.78803
0.78724
0.79046
0.79046
0.79360
0.78818
0.78818
0.78581
0.78775
0.78775
0.78775
0.78338
0.78338
0.78625
0.78652
0.78400
0.78050
0.78715
0.78610
0.78610
0.78289
0.78460
0.78460
0.78650
0.78632
0.78632
0.78932
0.79149
0.79184
0.79184
0.79251
0.78914
0.79051
0.78601
0.78110
0.78538
0.78538
0.78538
0.79084
0.78917
0.78932
0.79263
0.79366
0.79404
0.79404
0.79151
0.79151
0.79623
0.79623
0.79289
0.79146
0.79021
0.79021
0.78989
0.79007
0.79007
0.79007
0.78910
0.78910
0.78341
0.78291
0.78907
0.78632
0.78632
0.78697
0.78590
0.78590
0.78590
0.78162
0.78162
0.78162
0.78120
0.78120
0.78152
0.78315
0.78722
0.78710
0.78764
0.78384
0.77408
0.78012
0.77520
0.77565
0.77565
0.77705
0.77917
0.77917
0.77917
0.78023
0.77900
0.78075
0.77759
0.77541
0.77541
0.77679
0.77859
0.77762
0.77651
0.77713
0.78083
0.78083
0.78496
0.78496
0.78062
0.78062
0.78062
0.78577
0.78577
0.78577
0.78068
0.77810
0.77926
0.77934
0.77934
0.77703
0.78150
0.78110
0.78260
0.78260
0.78737
0.78557
0.78764
0.78951
0.78958
0.78958
0.78335
0.78890
0.78890
0.79015
0.78710
0.78710
0.78291
0.78291
0.78330
0.77976
0.77873
0.77873
0.77911
0.78014
0.78514
0.78514
0.77930
0.78294
0.78092
0.78092
0.78381
0.78338
0.78036
0.77722
0.77722
0.78346
0.78234
0.78370
0.78370
0.78426
0.78446
0.78446
0.78446
0.78329
0.78248
0.78397
0.78515
0.77858
0.77858
0.78241
0.78697
0.77713
0.78141
0.78141
0.78037
0.78173
0.78173
0.78173
0.78431
0.78934
0.78770
0.78770
0.78718
0.78718
0.78662
0.78406
0.78760
0.78663
0.78561
0.78358
0.78818
0.78818
0.78901
0.78933
0.78744
0.78744
0.78744
0.78744
0.78744
0.78768
0.78734
0.78734
0.78599
0.78599
0.78599
0.77992
0.77940
0.78083
0.78630
0.78630
0.78645
0.79013
0.79013
0.78726
0.78480
0.78573
0.78491
0.78384
0.78825
0.78825
0.78953
0.79429
0.79567
0.79454
0.79454
0.79504
0.79523
0.79313
0.79431
0.79431
0.79431
0.79336
0.79336
0.79256
0.79256
0.79174
0.79215
0.78860
0.79336
0.79221
0.78683
0.78642
0.78626
0.78626
0.79055
0.79527
0.79521
0.79136
0.79136
0.79542
0.79542
0.79757
0.79757
0.79757
0.79490
0.79027
0.79240
0.78158
0.78231
0.78236
0.78236
0.78236
0.78236
0.78221
0.78186
0.78186
0.78792
0.78792
0.78813
0.78772
0.78175
0.78175
0.78616
0.78575
0.78573
0.78573
0.78874
0.79276
0.79276
0.79577
0.79166
0.79166
0.78749
0.79264
0.78909
0.79125
0.79013
0.79013
0.79104
0.79104
0.78752
0.78616
0.78888
0.78838
0.78952
0.78787
0.78527
0.78910
0.79035
0.79035
0.79025
0.78610
0.78690
0.78690
0.78790
0.78567
0.78977
0.78977
0.79159
0.78869
0.78587
0.78840
0.79172
0.79178
0.79017
0.78931
0.79044
0.79044
0.79113
0.78773
0.78584
0.77634
0.77878
0.77460
0.77460
0.77460
0.77697
0.77846
0.77855
0.78511
0.78142
0.78637
0.78988
0.78337
0.78072
0.78257
0.78280
0.78642
0.78804
0.78804
0.78507
0.78454
0.78454
0.79132
0.79179
0.79323
0.79335
0.79226
0.78921
0.78866
0.79028
0.79107
0.79229
0.78962
0.79984
0.79984
0.80108
0.79605
0.80036
0.80390
0.79582
0.79582
0.79532
0.79192
0.79226
0.79226
0.78930
0.78695
0.79037
0.79441
0.79403
0.78967
0.79407
0.79391
0.79656
0.79656
0.79339
0.79039
0.78767
0.78969
0.79109
0.79049
0.78944
0.79204
0.79580
0.79420
0.79160
0.79007
0.79115
0.79074
0.79074
0.78866
0.78866
0.78882
0.78940
0.78965
0.78824
0.78584
0.78427
0.78606
0.78606
0.78606
0.78579
0.79170
0.79670
0.79433
0.79035
0.79289
0.79130
0.79107
0.79227
0.78948
0.78760
0.79070
0.78437
0.78507
0.78664
0.78279
0.78614
0.78614
0.78461
0.78551
0.78744
0.78845
0.78407
0.78566
0.78694
0.79091
0.79091
0.79100
0.79100
0.79100
0.79653
0.79653
0.79714
0.79714
0.78971
0.78971
0.78983
0.78826
0.78361
0.78361
0.78354
0.78111
0.78276
0.78276
0.78219
0.78633
0.79086
0.79284
0.79042
0.79042
0.78701
0.78701
0.78747
0.78698
0.78606
0.78606
0.78606
0.78272
0.78314
0.78587
0.78696
0.78832
0.78375
0.78375
0.78619
0.78561
0.78561
0.78951
0.78653
0.78653
0.78997
0.79032
0.78813
0.78673
0.78629
0.78629
0.78378
0.78442
0.78442
0.78442
0.78572
0.78572
0.78745
0.78308
0.78308
0.78308
0.78617
0.78617
0.78814
0.78718
0.78465
0.78465
0.78465
0.78749
0.79466
0.79193
0.78870
0.78638
0.78638
0.78638
0.78638
0.78426
0.79099
0.79409
0.79006
0.79196
0.79255
0.79255
0.79876
0.79876
0.79355
0.79310
0.79292
0.79027
0.79027
0.79027
0.79390
0.79390
0.79412
0.78835
0.79515
0.79515
0.79173
0.79173
0.78752
0.78752
0.78752
0.78752
0.78255
0.78255
0.78187
0.78187
0.78766
0.78912
0.79258
0.79607
0.79362
0.79362
0.79584
0.78879
0.78469
0.78298
0.78901
0.78913
0.79407
0.79368
0.79368
0.79778
0.79778
0.79638
0.79123
0.79161
0.78811
0.78811
0.78451
0.78376
0.78376
0.78811
0.78451
0.78346
0.78346
0.78346
0.77875
0.77875
0.77875
0.77875
0.78025
0.78312
0.78167
0.77875
0.78644
0.78816
0.78715
0.78268
0.78340
0.78983
0.79204
0.79192
0.79024
0.79059
0.79035
0.78869
0.78869
0.78869
0.78613
0.78986
0.78986
0.78677
0.78962
0.78893
0.78716
0.78716
0.78305
0.78155
0.78155
0.78424
0.78266
0.78373
0.78405
0.78671
0.78577
0.78577
0.78962
0.79034
0.79081
0.78873
0.79064
0.79064
0.79119
0.79206
0.79642
0.79092
0.79336
0.79336
0.79336
0.79579
0.79159
0.79172
0.79172
0.79172
0.79573
0.79573
0.79672
0.79672
0.79672
0.79616
0.79955
0.79955
0.79507
0.79507
0.79174
0.79174
0.79111
0.79111
0.79227
0.79227
0.79140
0.79388
0.79470
0.79430
0.79295
0.79012
0.78747
0.78895
0.78698
0.78887
0.78848
0.78848
0.79063
0.79063
0.79063
0.79063
0.78940
0.78863
0.78621
0.78880
0.78767
0.79032
0.79370
0.79130
0.79130
0.79130
0.79130
0.79158
0.79158
0.78869
0.78725
0.78254
0.78003
0.78197
0.78197
0.78659
0.78849
0.78991
0.79086
0.79009
0.78810
0.78484
0.78105
0.78105
0.78105
0.78235
0.78574
0.78918
0.78794
0.79072
0.79027
0.79093
0.79267
0.79192
0.79176
0.79201
0.79736
0.79825
0.79825
0.79825
0.79649
0.79649
0.79704
0.79647
0.79661
0.79463
0.79485
0.79556
0.79610
0.79532
0.78869
0.79496
0.79496
0.79698
0.79685
0.80075
0.79801
0.79801
0.79813
0.79547
0.79886
0.79741
0.79720
0.79735
0.78429
0.78311
0.77882
0.77882
0.77816
0.78169
0.78544
0.78544
0.79113
0.78568
0.78568
0.78568
0.78568
0.78016
0.78016
0.78016
0.78124
0.77940
0.78166
0.78711
0.78711
0.78711
0.78137
0.78335
0.78301
0.78301
0.79307
0.79307
0.78810
0.78874
0.78820
0.78820
0.78802
0.78242
0.78210
0.78013
0.78363
0.78298
0.78464
0.78858
0.78615
0.78615
0.78525
0.78644
0.78644
0.78644
0.78471
0.79081
0.79113
0.79113
0.79230
0.78774
0.79041
0.78698
0.78420
0.78275
0.78275
0.78166
0.78594
0.78594
0.78223
0.78268
0.78177
0.78379
0.77769
0.77769
0.78453
0.78554
0.78867
0.78596
0.78506
0.78823
0.78930
0.78738
0.79162
0.79162
0.79390
0.79390
0.79070
0.79290
0.79449
0.79268
0.79015
0.79015
0.78966
0.79640
0.78898
0.78766
0.78380
0.78876
0.78967
0.78884
0.78884
0.79329
0.79381
0.79775
0.79265
0.79265
0.79273
0.78760
0.78201
0.78088
0.78088
0.78293
0.78289
0.78144
0.78219
0.78394
0.78394
0.78394
0.78922
0.78922
0.78985
0.79203
0.79203
0.79203
0.78889
0.78853
0.78623
0.78497
0.78423
0.78423
0.78322
0.78646
0.77952
0.78209
0.78468
0.78329
0.78005
0.78000
0.78805
0.78303
0.78303
0.78535
0.79290
0.79969
0.79915
0.79915
0.79968
0.79700
0.79491
0.79491
0.79318
0.79318
0.79435
0.79796
0.79796
0.79666
0.79299
0.79299
0.78985
0.78726
0.78815
0.78815
0.78854
0.78593
0.78391
0.78391
0.78391
0.78815
0.78815
0.78815
0.79087
0.79144
0.78786
0.78941
0.78786
0.78786
0.78786
0.78902
0.78948
0.79140
0.78715
0.78715
0.78644
0.78611
0.78209
0.77961
0.78364
0.78597
0.78586
0.78181
0.78329
0.78329
0.78541
0.78541
0.78213
0.78718
0.78757
0.78526
0.78548
0.78680
0.78835
0.78835
0.79025
0.79025
0.78767
0.78767
0.78746
0.78746
0.78030
0.78096
0.78082
0.78495
0.78990
0.79162
0.79796
0.79796
0.80091
0.79962
0.79411
0.79411
0.79198
0.78803
0.78571
0.78571
0.78817
0.78817
0.78455
0.78455
0.78326
0.78696
0.79311
0.79316
0.79207
0.79682
0.79149
0.79149
0.79794
0.79794
0.78935
0.79015
0.78804
0.78840
0.78840
0.78348
0.78057
0.78046
0.77914
0.77977
0.78097
0.78525
0.78525
0.78525
0.78408
0.78408
0.78258
0.77601
0.78196
0.78196
0.79110
0.79110
0.79110
0.79110
0.79448
0.79595
0.78935
0.78700
0.78652
0.78207
0.78126
0.78338
0.78595
0.78972
0.78906
0.78520
0.78930
0.78585
0.78310
0.78310
0.78837
0.78683
0.79067
0.79067
0.78865
0.78442
0.78122
0.78042
0.78473
0.78610
0.78895
0.78712
0.78032
0.78391
0.78546
0.78780
0.78797
0.79441
0.79476
0.79474
0.78950
0.78950
0.78949
0.78883
0.79194
0.78919
0.78919
0.78919
0.78950
0.78950
0.78612
0.78764
0.78764
0.78596
0.78537
0.78537
0.78585
0.78824
0.78656
0.79025
0.78538
0.78538
0.78397
0.78660
0.78483
0.78643
0.78643
0.78616
0.78748
0.78441
0.78809
0.78759
0.78146
0.78335
0.78362
0.78689
0.78656
0.78656
0.78573
0.78722
0.78840
0.78840
0.78840
0.78999
0.78847
0.78847
0.79227
0.79227
0.79025
0.78709
0.78709
0.79094
0.78815
0.78500
0.78739
0.78738
0.78738
0.78738
0.79805
0.79015
0.79182
0.79182
0.79076
0.79561
0.79520
0.79216
0.79216
0.79578
0.79744
0.80012
0.79971
0.79971
0.79971
0.80297
0.80808
0.80495
0.80504
0.80350
0.79925
0.79540
0.79540
0.79280
0.79163
0.79163
0.79163
0.79045
0.78707
0.78707
0.78707
0.78755
0.78680
0.78680
0.78758
0.78866
0.79152
0.79152
0.79247
0.79247
0.79247
0.79152
0.78836
0.78836
0.78677
0.78054
0.78635
0.78890
0.79006
0.79006
0.78615
0.78981
0.78530
0.78530
0.78278
0.78431
0.78431
0.78046
0.78879
0.78879
0.78900
0.79268
0.79268
0.79268
0.78953
0.79199
0.78750
0.78750
0.78750
0.78750
0.78798
0.79005
0.79005
0.79419
0.79269
0.79269
0.79269
0.79269
0.78868
0.79083
0.79195
0.79070
0.79070
0.79229
0.79229
0.79215
0.79255
0.79233
0.79143
0.79311
0.79436
0.79082
0.79316
0.79282
0.79473
0.79473
0.79403
0.79403
0.78967
0.79111
0.79111
0.79111
0.79111
0.78826
0.78651
0.78651
0.78358
0.78358
0.78643
0.78643
0.78746
0.78543
0.78468
0.78468
0.78621
0.78621
0.78270
0.78058
0.78058
0.78058
0.78358
0.78170
0.78473
0.78279
0.78852
0.78649
0.78171
0.78195
0.78016
0.78588
0.78767
0.78496
0.78496
0.78521
0.78521
0.78150
0.78390
0.78142
0.78428
0.77997
0.78557
0.78557
0.78357
0.78357
0.78603
0.78603
0.78603
0.78603
0.78515
0.78349
0.78912
0.79125
0.79020
0.79263
0.78953
0.78953
0.78953
0.78775
0.78156
0.78156
0.78135
0.78247
0.78512
0.78512
0.77975
0.78322
0.78794
0.78963
0.78963
0.79048
0.79034
0.78585
0.78601
0.78601
0.79095
0.79095
0.78841
0.78379
0.79090
0.78715
0.78938
0.78695
0.78694
0.78614
0.79263
0.78899
0.78997
0.78726
0.78726
0.78726
0.78726
0.78726
0.78171
0.78529
0.78375
0.78375
0.78073
0.78024
0.78077
0.77592
0.78723
0.78363
0.78363
0.78363
0.78268
0.78427
0.78501
0.78674
0.78411
0.78496
0.78496
0.78465
0.78465
0.78911
0.78804
0.78667
0.78800
0.78800
0.78606
0.78657
0.78707
0.78707
0.78381
0.77780
0.78165
0.78192
0.78280
0.78241
0.79036
0.79153
0.79086
0.78607
0.78909
0.79188
0.78582
0.78582
0.78582
0.78598
0.78598
0.78512
0.78666
0.78666
0.78666
0.78666
0.79058
0.79058
0.78705
0.78705
0.78940
0.78940
0.78827
0.78742
0.78403
0.78072
0.78461
0.78461
0.78412
0.78782
0.78995
0.78516
0.78516
0.78516
0.78151
0.78387
0.78397
0.78397
0.78710
0.78588
0.78746
0.78746
0.78909
0.78909
0.79565
0.79444
0.79074
0.79131
0.79195
0.79195
0.78593
0.78763
0.78763
0.78763
0.79320
0.79320
0.79320
0.79320
0.79078
0.79078
0.79722
0.79395
0.79189
0.79134
0.79134
0.79382
0.79379
0.79327
0.78837
0.78837
0.78428
0.78519
0.78519
0.78825
0.78646
0.78646
0.78646
0.78985
0.78188
0.78190
0.78555
0.79056
0.78668
0.78668
0.79451
0.79451
0.79070
0.78756
0.78760
0.78760
0.79186
0.78751
0.78577
0.78577
0.79119
0.78826
0.78472
0.78251
0.78495
0.78495
0.78786
0.78664
0.78841
0.78564
0.78199
0.78199
0.78199
0.78779
0.78764
0.78732
0.78998
0.78860
0.78937
0.78925
0.79467
0.79189
0.78973
0.78973
0.78777
0.78907
0.78565
0.78033
0.78033
0.78176
0.77874
0.77910
0.78212
0.78359
0.79010
0.79539
0.79693
0.79104
0.79144
0.79144
0.79116
0.78932
0.78817
0.79270
0.79440
0.78852
0.78597
0.78597
0.78358
0.79104
0.79104
0.79368
0.79080
0.79057
0.79042
0.78898
0.78902
0.78729
0.78926
0.78497
0.78497
0.78497
0.79203
0.79203
0.79161
0.79284
0.79284
0.79110
0.78958
0.78579
0.78568
0.78514
0.78514
0.78494
0.78449
0.78449
0.78521
0.78455
0.78455
0.78455
0.78455
0.78598
0.78220
0.78955
0.79000
0.78634
0.79164
0.78647
0.78970
0.78368
0.78918
0.79131
0.79484
0.79594
0.79278
0.79278
0.79607
0.79599
0.79599
0.79460
0.79460
0.79182
0.79182
