-7011.56577
-7142.64388
-7145.05705
-7071.79533
-6947.25582
-6965.96313
-7007.51591
-7084.01323
-7033.94834
-6992.38588
-6988.21262
-6972.28234
-7078.20132
-6910.49003
-6863.45228
-6960.89644
-6936.39318
-6854.89363
-6926.11784
-6908.54118
-6908.54581
-6931.46953
-6906.70090
-6981.65026
-6892.17842
-6786.03452
-6947.61339
-6911.62429
-7066.54875
-6880.83107
-6980.10175
-7115.08485
-7006.79738
-7034.82899
-7047.26451
-7063.02561
-6899.65531
-7075.25969
-7071.35116
-7098.00285
-7058.41082
-7177.44646
-7112.23181
-7022.04206
-6930.12449
-7172.14365
-7117.82552
-7090.40014
-7066.07462
-7058.02354
-7091.48054
-7111.67497
-7076.85018
-7059.56975
-7114.84774
-7179.50638
-7144.60251
-7145.44648
-7154.78940
-7250.37699
-7215.03069
-7220.61512
-7200.97011
-7165.80565
-7202.89545
-7202.11647
-7185.99741
-7105.26387
-7182.31387
-7240.70194
-7316.18663
-7277.08308
-7142.87292
-7106.43749
-7144.70507
-7026.20022
-7010.44184
-7006.63415
-7015.96084
-7021.46279
-6987.26945
-6944.68364
-7180.22416
-7188.19740
-7220.37894
-7065.06228
-7035.51935
-7028.40721
-7096.82904
-7133.27649
-7054.88205
-7170.70131
-7055.66975
-7158.61283
-7082.58547
-7083.99921
-6974.60120
-7026.75018
-7042.44932
-6983.10472
-6986.77650
-7041.84954
-7063.80185
-7065.34115
-7033.29568
-6898.75418
-6968.85758
-6993.34848
-6934.69407
-6968.07498
-7062.15814
-6989.66758
-6997.16369
-7087.56453
-6974.47378
-7101.93202
-7003.24570
-6982.36102
-6942.59058
-7036.01309
-7065.34155
-7080.56635
-7095.57347
-7079.22140
-7140.88351
-7126.30803
-7042.04030
-7129.98106
-7115.49432
-7257.52978
-7030.30310
-7040.85511
-7101.81064
-7074.10216
-7191.31543
-7106.90495
-7065.92938
-7088.27292
-7120.02446
-7002.26333
-7080.37402
-7098.80718
-7102.27625
-7117.62379
-7229.09008
-7073.24763
-7093.90676
-7023.32484
-7026.41377
-6990.89882
-6923.83661
-6961.71814
-7001.45006
-6932.14422
-6926.68152
-6894.95210
-6991.74154
-7126.12517
-7022.26031
-6949.65833
-7002.84577
-7069.56995
-7099.83130
-7035.34890
-7040.73710
-7012.36404
-7066.86152
-7010.55963
-7084.35292
-6940.70595
-7109.21760
-6921.40961
-7051.13593
-6967.65462
-6967.69250
-7092.99542
-7026.43415
-7033.86006
-7109.13089
-7116.83919
-7053.99098
-7059.95692
-7065.65611
-7132.24249
-7097.38452
-7072.15179
-7198.57113
-7086.93871
-7099.23399
-7094.69045
-7103.52195
-7036.64253
-7177.34472
-7115.20579
-7172.10294
-7113.52925
-7178.55979
-7182.84356
-7179.04921
-7209.13032
-7123.95680
-6994.03913
-7059.77216
-7106.38341
-7076.03652
-7099.56563
-7143.29432
-7078.55176
-7142.04586
-7031.00160
-6954.19727
-7146.18477
-7049.93280
-7121.36393
-7114.17879
-7090.94765
-7117.84707
-7058.85521
-6944.72668
-6987.04442
-7051.94194
-6984.26086
-7107.26240
-6978.35410
-7073.37671
-7148.79472
-7091.54160
-7027.58617
-7081.39513
-6957.72699
-6954.65700
-7003.54997
-7041.47645
-7083.62133
-7081.57509
-7071.44765
-7044.60973
-7066.43776
-7084.61434
-7133.89454
-7136.56852
-7258.07957
-7141.36370
-7276.37048
-7132.11920
-7131.67849
-7108.85658
-7168.64251
-7129.11801
-7131.61003
-7164.19198
-7137.85222
-7006.32266
-7131.62906
-6958.35909
-7045.03047
-7130.89091
-7186.61029
-7108.09196
-7144.06046
-7123.57014
-7098.75388
-7101.54626
-7036.55802
-7105.92393
-7041.48724
-6979.56562
-7002.64252
-6926.22028
-6982.16545
-7056.19991
-7026.71046
-7140.22325
-6984.56914
-7084.96041
-7062.16108
-7081.34857
-7043.49761
-7104.42273
-7082.51943
-7185.18009
-7109.49716
-7106.03217
-7105.13160
-7179.00520
-7127.62841
-7080.19704
-7131.17512
-6995.93270
-7050.05838
-7089.93962
-6983.52796
-7071.70443
-7078.72613
-7117.23725
-7013.77793
-7074.58222
-7052.92727
-7121.32205
-7012.78325
-7035.89205
-6998.84927
-6984.77179
-7123.21176
-6974.33100
-6992.52239
-7006.94482
-6986.02161
-6955.92387
-6953.17932
-7033.48967
-7092.23824
-7120.47956
-7138.81406
-7079.39272
-6983.47319
-7067.81684
-7114.60694
-7014.36603
-6992.56159
-7061.05236
-6953.42416
-6949.09359
-7142.18507
-7041.73176
-7091.18751
-7083.22350
-6977.09367
-7082.31282
-7095.02490
-7080.93439
-7120.20825
-7236.65195
-7154.86130
-7193.10167
-7104.70316
-6954.99986
-6994.99829
-6960.92073
-7077.71862
-7080.55549
-7012.80530
-7103.21883
-7100.40579
-7034.01664
-7112.84310
-7136.92684
-7041.05917
-7039.04398
-6981.00359
-7062.88634
-7152.15647
-7173.37924
-7131.53116
-7197.41206
-7126.84843
-7082.95900
-7206.97428
-7127.39965
-7132.16352
-7062.81147
-7028.90412
-7025.09182
-7115.76695
-6869.64768
-7011.63974
-7018.14617
-7068.68073
-7062.54246
-7058.51425
-7006.82689
-7231.47292
-7037.31479
-7098.45042
-7149.41759
-7160.53006
-7158.06424
-7114.16097
-7137.15318
-7102.04890
-6994.02307
-7070.06867
-6987.78713
-7097.19874
-7084.97643
-7044.12560
-7099.82600
-7164.31274
-7109.73972
-7050.78333
-7054.36754
-7009.39980
-7009.92362
-7016.60532
-7114.94343
-7040.63083
-7052.29932
-7000.35454
-7014.89209
-6965.06745
-6959.36160
-6955.65220
-6911.49289
-6904.07119
-6989.10684
-7000.17036
-6963.62697
-6938.49612
-7063.78389
-7129.63500
-7066.06026
-7090.15146
-6928.89090
-6858.66261
-6946.68295
-6916.00596
-6902.75199
-6975.91643
-6963.96449
-7000.44111
-7066.53415
-7016.31997
-6917.70832
-6906.05872
-6921.08905
-6971.27809
-6965.47762
-7128.35985
-7020.71758
-6972.42361
-7131.45099
-7005.59528
-6848.37969
-7044.64295
-6947.49724
-6775.01249
-6850.45068
-6946.94093
-6935.39506
-6918.96535
-6988.24811
-6898.37158
-7038.71899
-7135.24146
-7077.74776
-7046.23776
-7135.54916
-7082.70626
-7054.28905
-6953.17980
-6950.85811
-6994.66782
-7068.76594
-6928.65377
-6935.66543
-6907.86697
-6939.88605
-6933.86277
-6876.03180
-6949.67684
-6908.17830
-6969.37093
-7102.44081
-6982.76980
-7038.97816
-7001.95788
-6971.53283
-6929.66003
-6895.07840
-6881.37018
-6848.41970
-6867.51457
-6944.17216
-6960.85999
-6950.61931
-7048.34402
-6997.53615
-7025.75319
-6945.53546
-6995.58744
-7002.05811
-7041.30889
-6939.23723
-7002.70240
-7032.60341
-7060.27290
-7106.29491
-7021.63527
-6989.23255
-7099.09327
-7060.00888
-7021.01219
-7025.20844
-7113.80544
-7068.61301
-7100.92013
-6950.41262
-6958.63622
-7089.83003
-7048.15744
-7155.30488
-7150.92978
-7145.02766
-7072.02767
-7145.75917
-7076.89588
-7004.43879
-6928.82319
-6982.58282
-6967.43228
-7025.01688
-6907.60057
-6933.35063
-6984.25234
-7105.40260
-7011.87271
-7108.79969
-7111.61976
-7213.29172
-7100.29579
-7020.80808
-7002.77458
-7078.37699
-7063.19585
-7074.27188
-7086.40091
-7028.08105
-7003.30045
-6999.47760
-7023.97621
-7049.69700
-6989.85684
-7023.19798
-7038.83966
-7020.62398
-7034.47502
-7177.16936
-7091.27327
-7072.40496
-7015.79691
-7113.37193
-7040.89385
-6977.56005
-7137.43706
-7072.88936
-7140.87794
-7104.62756
-6986.97185
-7115.89454
-7025.25462
-6985.82396
-7058.35942
-7113.75686
-7001.62313
-7069.00825
-7083.81989
-7055.20596
-7014.17551
-7121.20333
-6917.61028
-6984.59465
-6961.03819
-6973.72177
-7031.21930
-6994.00525
-6989.77369
-7110.82314
-7042.71281
-7026.51158
-7043.91729
-6952.16127
-7068.98528
-6970.48167
-6974.84889
-6951.11907
-6981.84055
-6984.92538
-6923.04932
-6974.23976
-7012.07237
-6995.90818
-7060.48592
-7105.17653
-7031.30082
-6999.16115
-7096.13579
-7027.96883
-6970.16681
-7048.94909
-6915.58312
-6934.32759
-6950.29743
-6937.16424
-6921.77654
-7031.44517
-7116.25083
-6984.13272
-6992.41488
-7003.57024
-6948.63693
-7021.39456
-6999.49654
-6896.83170
-6987.28692
-6869.60109
-6946.11253
-6819.93643
-7037.44738
-6930.73531
-6991.40432
-7032.70210
-7076.74687
-7051.64276
-7110.52862
-6954.53432
-6953.56056
-6945.29301
-6908.43336
-6954.11246
-7005.10898
-6909.35154
-6942.44102
-6915.97454
-6948.69984
-7095.71084
-6943.15962
-6924.35931
-7002.98577
-6947.59773
-6965.16412
-7050.46976
-7142.88526
-7054.17089
-7076.28884
-7123.40704
-7007.33953
-7048.06753
-7074.68935
-7041.79479
-7060.76660
-7103.15877
-7063.54841
-7014.18992
-6999.12143
-6903.31117
-6943.99139
-7055.15835
-6891.97104
-6858.47442
-6941.50238
-6901.52912
-6942.05452
-7019.80891
-7054.51652
-6951.38052
-6854.81417
-6927.17528
-6891.74428
-6922.21821
-6914.05070
-6974.63566
-7036.12682
-7002.55726
-7102.63735
-7031.38941
-7061.92367
-7117.03459
-7102.89567
-7135.28881
-7037.94567
-7048.36272
-6949.71614
-6983.87845
-7024.38089
-7082.65114
-7189.50570
-7024.10818
-7027.21847
-7057.77051
-7009.73193
-6995.21244
-6973.85755
-7052.49238
-7019.10845
-7059.72427
-7062.60145
-7117.04245
-7072.62391
-7089.78821
-7086.29518
-7053.96709
-6979.11856
-7056.82959
-7026.11224
-7086.60240
-7101.28173
-7174.59833
-7125.93659
-7149.75607
-7142.71941
-7060.67851
-7129.10450
-7054.36797
-7091.46487
-7078.22000
-7021.75776
-7005.59865
-6974.32429
-7071.89329
-6981.13142
-6963.07841
-7054.57673
-6974.54121
-7075.02703
-7015.65568
-7090.92759
-7103.44003
-7104.88094
-6976.28668
-7007.28186
-7019.00626
-6999.58922
-6933.09462
-6985.02469
-7077.11518
-7023.76524
-7155.83965
-7062.65520
-7094.89420
-6991.53460
-7108.06686
-7167.77530
-7115.48378
-7140.39676
-7128.28777
-7201.62940
-7106.57469
-7119.31203
-7177.12428
-7202.45651
-7049.57114
-7009.87114
-7072.77138
-7045.32931
-6982.41786
-7029.00022
-7072.32602
-7008.58650
-7132.04735
-7044.83988
-7116.81303
-7258.08224
-7127.58222
-7044.43168
-7105.95359
-7097.21515
-7088.33298
-7107.63939
-7000.69044
-7029.77895
-6975.42373
-6928.24824
-6996.53537
-6908.21536
-6940.93162
-7004.42269
-6907.12354
-6894.29705
-6940.32335
-6968.05874
-7018.27415
-7071.95645
-7023.12892
-7050.39322
-7136.94483
-6884.46009
-7013.88384
-6937.60572
-6906.48745
-7008.06948
-6993.74741
-7056.13911
-7074.67000
-7013.32019
-7120.97458
-7044.35899
-6989.97855
-7024.17601
-7133.02988
-7167.29478
-7106.75539
-7080.50234
-7064.49507
-7140.88864
-7097.07500
-7028.94917
-7010.04695
-7175.23147
-7070.25381
-6927.85556
-6962.48262
-7054.93294
-7029.85840
-6943.34796
-6985.72584
-7069.18627
-7033.04322
-6953.66704
-7138.54612
-6990.27525
-7075.61014
-7102.55121
-7079.75198
-6970.72411
-6983.22688
-6931.89447
-7077.66493
-7045.35135
-7024.46572
-7035.53769
-7037.98602
-7054.33886
-6999.77833
-7101.24327
-7040.65199
-7095.27369
-6956.27762
-6930.16687
-6903.21357
-6910.27419
-6918.47223
-7076.19572
-6928.87570
-6935.06983
-6974.27260
-6977.82177
-7064.62127
-6906.79758
-6902.98127
-6965.54248
-6944.17940
-6898.04530
-7039.53828
-6946.12776
-6940.93859
-7046.60644
-6867.90085
-6937.90937
-7047.48841
-7078.80956
-7153.35392
-7082.64985
-7033.11389
-7132.89960
-7103.68718
-7111.50944
-7169.99438
-7000.07491
-7061.92126
-7061.33426
-7203.57537
-7223.62410
-7265.36879
-7257.69971
-7240.03830
-7145.80269
-7147.20772
-7124.00500
-6983.59597
-7039.52282
-6912.53268
-7043.41068
-7080.57233
-7007.12226
-7054.70681
-7096.04389
-7017.28430
-7069.85427
-7011.70986
-7021.65199
-7058.28253
-7053.68174
-7059.83140
-6952.57268
-7093.55218
-6962.35997
-6953.68971
-6886.11412
-6873.26194
-6951.08445
-6962.78259
-7153.48857
-7056.12239
-7131.64523
-7078.09448
-7133.47527
-6998.49411
-7053.96453
-7088.80432
-7057.71253
-7021.30387
-7012.68995
-7008.64760
-6966.30346
-6961.33432
-7014.44851
-6988.45086
-7067.15230
-7061.10953
-7191.14670
-7109.70811
-7003.64354
-7163.59583
-7200.45588
-7115.30524
-7148.99942
-7053.74061
-7079.46688
-7228.10546
-7098.37201
-7019.11627
-6970.42954
-6918.01308
-6985.59294
-6976.36109
-6986.22482
-7047.71288
-7123.55194
-7118.45136
-6965.36296
-7050.64383
-7064.50523
-7069.12129
-7073.26337
-7110.11565
-7125.64096
-7086.95619
-7084.93697
-7186.04499
-7270.36228
-7273.65931
-7205.87858
-7164.04129
-7127.79913
-7174.20747
-7046.31900
-7018.72201
-7095.04655
-6909.61007
-7011.23450
-7105.97529
-7035.27918
-7107.51879
-7147.54717
-7027.40426
-7028.47066
-7055.26148
-7039.76594
-7013.90146
-7023.65541
-7030.37931
-7033.78488
-7009.86878
-7073.98908
-7047.31809
-6925.36880
-6999.31270
-6939.74641
-6909.09163
-7005.81739
-6982.48574
-6878.79614
-6938.48655
-6929.05624
-6945.73375
-6907.62800
-6932.73543
-6941.96523
-6966.11701
-7032.08221
-7072.10114
-7092.09189
-7090.54691
-7118.72765
-7049.38877
-7071.69611
-7014.89905
-7013.48788
-7010.15981
-6957.08064
-6945.25610
-7018.55987
-6910.93297
-6998.42674
-7070.59685
-7100.49934
-7072.93911
-7145.27495
-7094.40082
-6969.39092
-6939.64548
-6995.16563
-7104.79701
-7101.66563
-6965.16058
-7027.50232
-7086.62999
-7052.71292
-7037.11948
-7052.87881
-7043.12840
-7056.03034
-7051.17661
-7090.85535
-7117.40310
-7041.12886
-7056.81174
-7066.00088
-7098.61842
-7265.12767
-7163.85170
-7104.77934
-7154.02143
-7117.60579
-7162.25473
-7077.42382
-7078.07183
-7174.25935
-7035.05424
-7149.17266
-7034.03008
-7063.14290
-7104.63569
-7065.86750
-7031.49208
-6895.62990
-6961.84195
-7086.65450
-7065.84202
-7052.01880
-7023.46810
-7106.29699
-7049.31098
-7005.41998
-7088.24686
-7093.18619
-7025.74310
-7107.03757
-7125.53637
-7032.82902
-6990.73374
-6984.57894
-7035.89440
-7116.20512
-7053.82951
-7093.93646
-7103.63048
-7140.45155
-7020.80405
-7082.38005
-7060.12668
-7180.93652
-7080.70713
-6977.65223
-6997.16716
-7011.43450
-7097.77238
-6970.17249
-7004.30920
-7071.30555
-6974.38849
-7004.38110
-6992.50104
-7001.00513
-7104.43856
-6986.39534
-7072.58680
-7015.81772
-7058.62865
-7131.26961
-6967.73784
-6985.96281
-7083.36800
-7078.59069
-7108.50421
-7067.64868
-6965.30212
-7062.52648
-7068.97893
-7174.46066
-7105.91287
-7023.59160
-7007.42006
-7124.15807
-7065.16931
-6983.57180
-7042.60855
-6911.11237
-7050.68465
-7018.31333
-6994.95584
-7047.51850
-7208.94258
-7202.25709
-7130.74486
-7125.05579
-7144.85231
-7177.13356
-7078.84015
-7052.22533
-7048.60428
-7073.60456
-7082.70354
-7023.56617
-6968.56455
-7018.60914
-7000.84055
-7048.43577
-7045.81925
-7139.34376
-7094.47903
-7182.09011
-7124.25367
-7023.40236
-7023.45551
-7094.18016
-7023.68716
-7051.59756
-7109.97731
-7132.50703
-7063.32068
-7169.08461
-7206.45182
-7175.53209
-7166.62974
-7193.48153
-7072.13906
-7038.91111
-7101.97833
-7062.59581
-6997.80694
-7087.96468
-7022.40627
-7055.71890
-7074.56091
-7184.55551
-6994.97884
-6874.65931
-6952.88514
-6937.99339
-7039.20272
-7027.90342
-6960.47632
-7099.34644
-7034.76085
-7013.61564
-7072.91209
-7039.70651
-7107.68910
-7160.29094
-7080.52642
-7067.57201
-7139.46481
-7004.30054
-6943.62422
-7029.00189
-7023.46313
-6925.08013
-7074.42249
-7099.55449
-7018.65736
-7042.36892
-6949.82482
-6856.30780
-6943.42398
-6968.73370
-6960.65060
-7011.64508
-6940.04493
-7029.33730
-7043.68928
-7085.12766
-7042.02220
-7106.51197
-7094.53782
-6934.42493
-6957.51331
-6985.11270
-7004.65751
-6961.04260
-7017.58585
-7057.46229
-7019.07779
-7139.61225
-7083.64118
-6999.16281
-6992.96974
-7097.70971
-7073.78429
-7094.04159
-7016.62006
-7079.71991
-7167.85485
-7052.92242
-7040.28789
-7084.64249
-7038.09131
-7099.86313
-7069.93398
-7013.79536
-7187.27568
-7131.27397
-7162.56763
-7200.02842
-7174.43723
-7077.98088
-7226.61960
-7256.71138
-7225.99601
-7203.64477
-7063.64778
-7123.81809
-7220.94940
-7140.37017
-7063.44019
-6921.98803
-7097.34484
-6892.28407
-6957.36751
-6888.27855
-6843.81188
-6918.45299
-6958.39690
-6963.27387
-6974.80215
-6850.87147
-7015.27588
-6947.01894
-6959.31679
-7114.18584
-7056.12340
-7054.03307
-7106.56352
-7021.17379
-7024.14382
-7022.83972
-6981.34788
-7060.60411
-7076.00321
-6998.39096
-7013.87318
-6949.23114
-7084.18075
-7090.08509
-7053.13657
-7162.81575
-7063.07174
-7029.04277
-7106.20235
-7110.56559
-7094.55823
-7101.72606
-7104.86090
-7041.78490
-7046.31235
-7073.88478
-7138.75071
-7093.16654
-7081.76969
-7043.07165
-6953.26962
-7111.38143
-6955.36985
-7015.43804
-7075.03898
-7097.54002
-7050.10319
-7019.92074
-7033.14106
-7034.57274
-7029.67501
-6901.09233
-7052.22122
-6957.02749
-6914.03626
-6992.32159
-7034.84795
-6971.57455
-6866.71938
-6929.64967
-6941.79493
-6907.46307
-6992.76363
-7045.28835
-7062.21781
-7081.96418
-7053.02817
-7007.94334
-7084.88333
-7090.10543
-6949.32785
-7123.95867
-7288.21565
-7193.70471
-7125.38687
-7110.64677
-7171.84029
-7142.18015
-7134.41198
-7162.86744
-7214.76429
-7140.75362
-7156.67922
-7182.55817
-7041.79848
-7053.02282
-7111.83272
-7057.79375
-7036.46121
-6981.80801
-7020.21984
-6994.91105
-7176.06594
-7027.48902
-7009.63804
-7126.63836
-6951.42975
-7018.38207
-7106.15981
-7057.07452
-7136.26676
-7082.48460
-7116.85476
-7081.46631
-6980.28443
-6989.35049
-7056.38804
-7036.66787
-7133.89427
-7175.96722
-7284.96099
-7053.60702
-7213.44151
-7148.65432
-7023.08100
-7044.77861
-7150.05091
-7102.95310
-7031.32237
-6857.04092
-7024.44398
-7105.77154
-7136.56254
-7085.91875
-7010.70263
-6982.66800
-7013.83054
-7068.39796
-6974.76499
-7054.10670
-6997.42620
-7055.79540
-7087.91961
-7120.56726
-7153.43015
-7131.62278
-7098.32866
-7104.95859
-7026.47091
-7156.80224
-7149.60421
-7062.93155
-7190.68638
-7117.03735
-7144.19699
-7203.71987
-7055.75530
-7103.97670
-7043.70972
-7006.71992
-6942.04942
-7039.07939
-7009.06207
-6949.78151
-7016.70608
-6971.25232
-6994.44762
-7132.78236
-7096.82309
-7095.84109
-7027.05496
-7019.51188
-7064.58568
-7013.98520
-6973.19471
-7158.04877
-7035.62177
-7113.09839
-7037.33173
-7162.32835
-7072.95064
-7165.44312
-7147.67536
-7045.96092
-6965.51436
-6884.24420
-7068.19044
-7015.39482
-6945.04892
-7069.14224
-7065.76819
-7027.37309
-7077.19634
-7049.67835
-7117.92908
-7123.18927
-6986.92861
-7188.25419
-7129.19010
-7133.95028
-7099.77496
-7004.85825
-7071.05277
-7002.19698
-7196.63240
-7178.06638
-7211.19266
-7064.44137
-7072.09598
-7062.03328
-7185.01034
-7121.06967
-7047.92267
-7167.37892
-6983.05616
-7181.24536
-7189.00782
-7105.78561
-7264.73028
-7359.91350
-7222.00318
-7214.21891
-7140.15356
-7161.09220
-7122.51058
-7027.22762
-7012.12359
-7019.74198
-7107.82466
-7113.90287
-7105.82972
-7153.56028
-6991.29697
-7067.11118
-7060.66326
-7121.64844
-7117.31246
-6958.61340
-7017.43565
-7054.47300
-6985.51836
-7045.60253
-7109.88133
-7162.29048
-7109.29460
-7111.15787
-6898.15210
-7026.25671
-6907.53462
-7019.83688
-7066.43809
-6960.30865
-7059.13330
-6969.36175
-6992.11874
-7046.06792
-7175.38749
-7249.21527
-7165.67591
-7071.90703
-7135.50329
-7097.32274
-7061.11590
-7143.14457
-6987.36132
-7081.38137
-7027.16130
-6942.96594
-6975.02347
-6973.89465
-7002.47076
-6993.57235
-6923.44339
-7013.58840
-6974.77995
-6989.96401
-6944.56028
-7078.36534
-7090.99024
-7045.34689
-6990.26482
-7088.15220
-7107.74435
-6960.44099
-7090.95475
-7036.56836
-6940.51257
-7013.93069
-7071.59836
-7041.36164
-6969.76814
-6976.41233
-7061.28775
-7010.65686
-7072.18370
-7081.99888
-7105.73307
-7079.42258
-7042.27601
-7113.20822
-7163.85676
-7208.36383
-7063.25571
-7044.76997
-6995.40876
-7081.90665
-7091.74209
-7025.62575
-7007.65324
-7072.74587
-7019.52538
-7078.58658
-7103.71296
-7062.87654
-6975.54867
-6998.87398
-7077.39551
-7041.85832
-7141.56069
-7062.61416
-7159.05526
-7126.99288
-7024.17901
-7008.36970
-7011.06215
-7163.55810
-6999.19432
-6985.56076
-7057.77078
-7061.94560
-7069.34915
-6954.56025
-6946.77926
-6957.62203
-6935.76949
-6922.46747
-6975.34399
-7045.12609
-7053.43879
-7140.19188
-7144.24024
-7021.09485
-7107.29706
-7124.85146
-7135.51394
-7189.13648
-7144.14362
-7190.50826
-7307.23712
-7158.07844
-7228.47220
-7108.11002
-7059.19490
-7249.67313
-7148.96409
-7135.67448
-7059.76371
-7039.22483
-7023.63357
-7091.29177
-7129.70749
-7151.53532
-6966.71810
-6984.84698
-7097.55120
-7063.94324
-7143.92189
-7210.51170
-7120.99100
-7159.01906
-7361.75039
-7310.07830
-7225.12699
-7211.34471
-7202.53731
-7126.62785
-7065.95927
-7168.24807
-7039.40527
-7046.27302
-7039.36835
-6889.58669
-6968.82728
-7027.38457
-6981.94062
-7030.62420
-7052.48670
-7033.81605
-7008.85837
-6881.49720
-6988.06848
-7094.15549
-7150.48634
-7157.69436
-7021.23452
-7050.59230
-6952.09617
-7010.41626
-7079.04217
-6985.19878
-6992.74894
-7089.88153
-7123.39546
-6971.67011
-7096.61195
-7045.07258
-7045.95712
-7076.16855
-7001.07201
-7026.02674
-6953.96339
-7114.29355
-7021.05423
-7143.05785
-7230.07897
-7068.99332
-7146.49765
-7223.71338
-7194.40211
-7145.65301
-7127.00800
-7093.49232
-6983.67876
-7080.93672
-7022.77590
-7035.89124
-7120.87325
-7116.76195
-7064.79034
-6991.58601
-7124.01509
-7142.81247
-7180.89450
-7066.75679
-6945.55536
-7019.22877
-7114.58405
-7055.89491
-7021.22849
-7060.52676
-6968.11036
-7002.72195
-7085.70048
-7027.27357
-7012.92271
-7095.26914
-6975.90695
-7006.83362
-6951.23427
-6947.03308
-6974.68916
-7011.82135
-7096.96167
-6959.14715
-7018.94442
-7011.65418
-7155.18801
-7114.64981
-7024.75306
-7084.30235
-7028.96573
-7006.12294
-7018.33204
-6957.09062
-7071.91916
-7058.20044
-7148.62581
-7110.57253
-6927.96852
-7051.13361
-6988.78708
-7039.33524
-6907.08914
-6899.58405
-6878.20046
-6984.56781
-7061.69054
-7082.30599
-7057.29763
-7036.87313
-7019.29026
-7068.16840
-7073.71944
-6949.86498
-7016.61348
-7117.72922
-7058.61066
-7136.44774
-7142.46488
-7040.09705
-6994.03875
-7080.88391
-7039.47879
-7007.02289
-6955.06504
-6999.10892
-7058.76360
-7112.89852
-7069.31779
-6958.27209
-6957.86622
-6893.95326
-7013.22267
-7087.97826
-7066.04274
-7140.61714
-7032.65639
-7181.05384
-6971.07442
-6968.80790
-6993.84288
-7099.19363
-7098.17367
-6942.03730
-6930.68458
-6940.29655
-6981.84605
-7032.10132
-7143.40350
-6970.52375
-7013.77481
-7048.23836
-7025.28125
-7131.92432
-7159.35354
-7129.79827
-7111.17624
-7065.88043
-7074.46110
-7140.24111
-7047.44189
-7050.58573
-7058.91202
-7102.33856
-7067.81676
-7023.86729
-7188.72321
-6973.44928
-6984.71587
-7108.83256
-6930.36384
-7024.85921
-7006.82621
-7054.83212
-7107.80108
-7108.39537
-7023.86831
-6981.45685
-7071.98356
-7058.56699
-7070.16007
-7107.75705
-7050.31608
-6944.28234
-7093.03328
-7058.62879
-7013.73627
-6928.17842
-6999.16389
-7134.67871
-7127.79590
-7112.11017
-7112.20298
-7014.64125
-6919.24783
-7058.92810
-6935.77333
-7068.20236
-7084.70109
-7071.03557
-7144.26551
-7166.82483
-7219.30636
-7062.22451
-7118.59372
-7163.02379
-7123.55196
-7036.32859
-6966.99920
-6966.60114
-6965.33071
-7088.45510
-7053.01998
-6995.68698
-6987.59925
-7092.27196
-7053.76128
-7078.23567
-7104.15381
-7084.56424
-7068.65625
-7070.62439
-6971.02940
-7079.06055
-6953.19916
-7064.80325
-7010.70810
-7064.01909
-7099.09368
-7103.25965
-7000.31917
-7064.97238
-7095.97604
-7145.78518
-7132.60005
-6999.21438
-6963.05395
-7145.48161
-6939.62840
-6907.40935
-6929.08785
-7005.19831
-7070.84548
-7084.58943
-6955.10045
-6995.42666
-6991.36452
-7037.74389
-7125.86508
-7009.65970
-7015.08964
-7011.35259
-7036.08890
-7092.39500
-6933.48163
-7065.55665
-7034.89592
-7113.87871
-7149.22704
-7127.32082
-7103.93805
-7068.87568
-7154.44662
-7117.20581
-7120.04340
-7118.89548
-7148.26369
-7141.32960
-7092.24132
-7023.36194
-7015.47348
-6988.87587
-7006.06245
-7132.46134
-7074.27229
-7049.26917
-7088.88101
-7086.55104
-7180.51842
-7103.04822
-6992.13873
-7040.96570
-7168.02111
-7112.48645
-6983.28848
-7041.25985
-7023.76140
-7079.90186
-7039.96785
-7069.15541
-7024.92888
-7022.66633
-7065.05916
-6991.28170
-7027.81414
-7064.85715
-7087.38072
-7027.50778
-7019.19549
-7071.31361
-7053.18680
-7082.18168
-7060.49368
-7089.54262
-7100.58146
-7035.08792
-6966.80685
-7115.88098
-7058.67144
-7175.56880
-7080.00499
-7097.96761
-7105.45432
-7046.70129
-7058.57007
-7083.18410
-7084.61554
-7108.88863
-7000.00179
-7031.24233
-7135.90882
-7150.42521
-7090.79662
-7133.96865
-7000.23798
-7042.42825
-7213.56355
-7131.72615
-7056.15580
-7176.58136
-7130.72671
-7091.52645
-7094.65922
-7058.39642
-7025.52608
-6994.91545
-7135.99924
-6947.41013
-7066.33916
-7055.70539
-7057.39242
-6976.14380
-7091.63642
-7151.56430
-7041.20289
-7007.69413
-7072.45433
-6951.70953
-6987.53188
-7036.95544
-7088.86560
-7068.41977
-7028.74341
-6980.23215
-6971.12996
-6956.79099
-7015.60389
-6984.09611
-7072.10406
-7053.88607
-7097.06502
-7035.44080
-7073.17979
-6996.20589
-7015.43828
-7055.71566
-6914.74692
-6963.00657
-6879.79339
-6998.94541
-6995.84186
-7117.46124
-6988.01333
-7007.39949
-6969.30342
-6985.12424
-7059.72182
-7045.73999
-7087.11359
-7015.40454
-7089.06762
-7055.32277
-6885.39714
-7051.44076
-6920.73025
-6841.59961
-6960.65555
-6999.10250
-7023.99582
-6935.45975
-7017.60260
-7115.15221
-6989.55590
-7140.03219
-7092.01149
-7096.21594
-7022.83067
-7087.78281
-7043.95326
-7184.97956
-7257.23642
-7165.45344
-7165.77101
-7141.27159
-7065.89834
-7133.10223
-7021.12072
-6956.15802
-6963.82968
-6961.82286
