96883.55917
97119.00900
97377.95770
97377.95770
97283.48111
97888.38117
97993.60985
97993.60985
97993.60985
97993.60985
97993.60985
97993.60985
97993.60985
98364.58979
99008.59264
98362.55599
98463.58126
98498.74920
98498.74920
98498.74920
98498.74920
98498.74920
98769.24161
98769.24161
98935.41059
98759.50642
98505.83067
98592.43646
98592.43646
98240.62808
98240.62808
97752.52685
97752.52685
97139.04581
97267.36105
97141.86263
97162.70227
98349.77729
98349.77729
98003.05453
97507.84042
97507.84042
97389.27830
97810.18741
97417.12077
97417.12077
97037.89594
97037.89594
97384.63773
97375.11294
97008.10709
96575.78501
96258.05665
96258.05665
96324.59495
96324.59495
96324.59495
96324.59495
96007.88385
95693.66019
96491.21715
96491.21715
96456.07310
96456.07310
96236.87064
96236.87064
96663.16632
97027.43082
96489.94288
96122.33225
96122.33225
95859.18962
95842.89314
96838.55084
96838.55084
96935.45090
96935.45090
97154.37585
97154.37585
97603.23932
98018.51795
97352.90235
97396.80409
97024.98706
97024.98706
96216.87864
95944.49402
96398.99798
95741.70398
96545.98806
96657.37693
96489.07227
96489.07227
96489.07227
96148.38789
96553.16518
97175.72522
96981.36363
96981.36363
97061.90783
97318.78274
97406.68924
97332.40846
97575.94208
97575.94208
97630.70323
97731.64097
97731.64097
97447.07862
98133.61296
98133.61296
97920.88643
97438.07577
97206.81364
97499.98796
97662.06139
97728.42298
97302.89287
97499.72282
96585.56129
96952.84495
96889.22086
96958.20265
96806.79530
96219.66549
96219.66549
96283.27349
96119.69171
95960.62946
96291.54380
96129.18731
96392.81011
96118.33103
96118.33103
96118.33103
96082.31948
95953.74731
96079.12141
96336.48563
96336.48563
96912.70045
97044.58010
96637.33076
96831.94795
96948.44712
97616.05084
97616.05084
97490.06324
97350.84242
97350.84242
97350.84242
97350.84242
97403.47187
96861.93739
96861.93739
96842.17717
97236.50541
96939.78823
97077.21557
97626.03735
97626.03735
97102.75685
97102.75685
97580.38068
97580.38068
97686.64335
96942.69366
97251.79367
97324.17697
97355.35878
96678.20980
96713.29384
97511.30503
97849.86056
97849.86056
97849.86056
97217.70188
96879.18622
96879.18622
96879.18622
96879.18622
96879.18622
96781.59547
97293.74432
96397.27486
96515.62384
96515.62384
96358.67220
96713.56063
96940.00507
96700.77314
96886.08609
96602.43345
96602.43345
96602.43345
96799.50632
96080.48569
95848.56790
95810.42737
96539.68579
96539.68579
96912.19737
96912.19737
96912.19737
96912.19737
96899.72609
96852.64072
96852.64072
97618.72990
97381.68112
96934.51127
96934.51127
96965.10055
96673.23698
96673.23698
96857.63524
96857.63524
97433.02329
97433.02329
97433.02329
97283.55751
97283.55751
97283.55751
96718.77243
95968.36177
96671.61135
96671.61135
96706.03476
96749.45510
96749.45510
96749.45510
96632.19112
96503.68793
96286.76551
96286.76551
96846.13461
96846.13461
96720.60186
96139.32815
95557.39366
96146.93862
95800.10101
96357.58847
96663.13365
96663.13365
96113.56240
96113.56240
96113.56240
96351.39445
96234.08646
96234.08646
96234.08646
96392.64834
96474.38071
96474.38071
96511.06514
96572.34859
96572.34859
97059.98718
96573.76134
96573.76134
96838.51113
97026.70108
97026.70108
96878.45861
96878.45861
96786.20796
97183.04114
97473.31067
97262.18557
97262.18557
97116.33788
97116.33788
97631.89019
97423.92790
97477.90733
96777.57497
96524.90311
96524.90311
97005.32426
96907.85994
97181.50647
97181.50647
97603.99548
97603.99548
97299.76499
96815.39199
96815.39199
97091.70505
97091.70505
97720.23526
97720.23526
97720.23526
97543.79857
97543.79857
97683.18165
97683.18165
96830.37329
96473.02871
96988.57603
96928.45148
97369.06127
97095.51718
97095.51718
97095.51718
97042.82546
96823.13627
97394.01005
97391.04352
97391.04352
97433.19118
97433.19118
97433.19118
97433.19118
97433.19118
97437.84191
96740.20902
96704.81576
97566.60630
97566.60630
97659.13201
97404.70372
96680.50693
96460.93818
96460.93818
97265.30658
97265.30658
96942.25049
96539.65676
96561.24572
96561.24572
96528.33368
96528.33368
96473.46358
96390.74045
96525.80797
97345.20360
97390.47700
97390.47700
97501.30262
97343.97434
97160.46005
97188.44499
97533.01292
97362.26346
97362.26346
97362.26346
97362.26346
97362.26346
97314.95447
97229.80436
96850.39147
96740.42510
96078.12685
96353.33323
96989.50934
96987.70265
96959.02213
96959.02213
97513.62211
97513.62211
97730.82378
97810.44001
98317.28234
98795.89643
97899.69465
97633.28234
97501.22993
97560.75771
97560.75771
97431.54563
97598.81105
97449.92474
97177.49048
97205.48074
97304.91181
97304.91181
97404.16168
97477.11012
97061.61892
97061.61892
97935.34748
97935.34748
97426.04739
97370.06990
97535.70722
97031.93546
97031.93546
97031.93546
96717.59646
97188.58471
97188.58471
97188.58471
97300.69674
96967.31986
97028.21176
97571.79297
97417.82495
97285.98920
97851.25373
97922.32998
98070.73627
98070.73627
98355.72181
98493.05948
98512.61960
98601.08397
98304.16596
98304.16596
98304.16596
98304.16596
97870.75099
97870.75099
97957.88473
97140.37116
97140.37116
97140.37116
97456.26513
98066.96855
97737.74628
97737.74628
97737.74628
97618.25104
98250.27482
98393.74030
97119.38729
97230.30616
97378.68564
97378.68564
97794.89253
97323.33985
97200.90127
97200.90127
97200.90127
97200.90127
97577.94210
97408.76554
97120.37374
97414.53343
97414.53343
97385.96467
97385.96467
96922.60875
96922.60875
96922.60875
96922.60875
96922.60875
97256.14572
97256.14572
97256.14572
97920.69652
97969.71221
97969.71221
98344.30432
97848.60643
97938.77209
97938.77209
98391.35487
98391.35487
98162.70922
98123.96591
98044.82376
97275.41882
98316.67584
97736.52707
97950.83560
97427.38807
98086.18247
98086.18247
98382.18285
97905.36835
98072.89722
98072.89722
97563.55400
97658.91402
97655.16640
98057.75363
97964.22753
97543.43612
97192.25361
97109.79164
96957.52413
97012.00431
96698.43143
97090.89059
97090.89059
96642.38303
98311.23701
97830.99423
97377.86212
97076.64296
97227.00574
97104.41364
97352.43376
97352.43376
97527.56059
97565.73051
96932.51081
96932.51081
96932.51081
96977.24803
96612.34834
96612.34834
97056.17722
97341.98107
97341.98107
97471.28890
97037.60088
96687.90090
96687.90090
97075.71641
97174.14505
96778.03326
96778.03326
96394.69866
97057.19990
97057.19990
97350.79285
97110.89609
97110.89609
97110.89609
97652.82757
97652.82757
97296.25685
97262.84771
97575.11294
98012.78916
97184.54722
97314.74018
97314.74018
97713.86954
97500.45135
97500.45135
97264.87219
97287.19644
97287.19644
96917.95118
96651.42768
96609.36994
96609.36994
96527.95829
96939.23156
96772.05124
97325.54847
97937.43519
97403.57735
97403.57735
97403.57735
96731.91843
96936.12154
96917.88194
96513.36090
96387.17581
96341.31761
96341.31761
96648.89829
96648.89829
96076.93014
96076.93014
96481.81047
96655.71882
96808.58233
96808.58233
96847.72030
96826.18622
96826.18622
96826.18622
96944.24379
96944.24379
97648.74787
97711.50520
96947.68547
97287.63736
97287.63736
97206.80269
97339.68211
97339.68211
97339.68211
97872.88058
97872.88058
97872.88058
97924.63294
97924.63294
97884.94080
97681.38017
97176.13138
97190.77194
97123.79002
97594.69743
98825.18459
98060.50341
98682.96553
98625.37994
98625.37994
98447.57032
98180.44731
98180.44731
98180.44731
98046.78621
98201.09691
97980.93883
98379.73466
98656.06563
98656.06563
98480.62435
98252.82433
98376.35466
98516.65906
98438.38740
97971.53296
97971.53296
97455.94537
97455.94537
97998.00546
97998.00546
97998.00546
97355.60079
97355.60079
97355.60079
97990.34375
98315.62734
98168.26474
98158.25702
98158.25702
98450.71717
97887.69858
97937.83730
97749.51444
97749.51444
97157.21690
97380.39771
97124.02036
96893.89918
96885.58985
96885.58985
97656.32296
96968.63153
96968.63153
96815.22224
97190.50492
97190.50492
97711.58208
97711.58208
97662.87673
98105.27894
98235.77987
98235.77987
98188.06064
98057.47852
97433.99458
97433.99458
98164.15835
97707.27674
97960.13088
97960.13088
97598.54928
97652.98226
98030.30598
98427.01310
98427.01310
97643.02241
97782.45807
97612.43970
97612.43970
97542.97897
97518.46687
97518.46687
97518.46687
97663.59228
97764.48432
97579.20519
97432.49305
98255.02796
98255.02796
97774.10090
97206.53068
98437.51709
97899.08551
97899.08551
98029.20737
97859.15377
97859.15377
97859.15377
97536.79122
96914.96931
97116.37395
97116.37395
97180.65484
97180.65484
97250.43383
97567.69495
97129.64110
97249.41627
97374.87664
97627.37184
97058.01799
97058.01799
96956.27234
96916.04830
97148.69027
97148.69027
97148.69027
97148.69027
97148.69027
97118.79722
97161.72477
97161.72477
97328.27837
97328.27837
97328.27837
98085.29863
98151.29658
97970.93840
97289.55047
97289.55047
97271.19513
96818.60515
96818.60515
97171.59790
97475.29137
97359.80734
97462.19982
97594.75044
97049.55046
97049.55046
96891.59749
96311.71631
96144.39972
96280.84260
96280.84260
96220.02504
96197.48659
96451.65596
96308.35477
96308.35477
96308.35477
96424.28924
96424.28924
96521.90522
96521.90522
96621.13070
96571.05383
97006.48365
96424.30587
96564.12456
97223.96183
97275.30110
97295.11033
97295.11033
96767.06354
96192.84915
96199.25529
96667.25845
96667.25845
96174.43297
96174.43297
95914.61062
95914.61062
95914.61062
96237.33143
96801.66748
96540.85191
97877.52005
97785.51063
97780.35148
97780.35148
97780.35148
97780.35148
97798.74294
97842.66039
97842.66039
97090.06470
97090.06470
97064.51122
97114.87123
97856.31504
97856.31504
97307.54952
97357.59134
97360.16765
97360.16765
96989.33579
96497.03839
96497.03839
96131.51422
96630.62313
96630.62313
97142.79659
96512.23911
96946.30708
96681.67310
96817.96156
96817.96156
96707.02033
96707.02033
97139.50644
97307.76359
96971.42759
97032.95734
96892.94086
97095.60923
97417.33585
96944.73195
96790.69119
96790.69119
96803.41789
97314.31821
97215.99872
97215.99872
97091.72143
97367.48284
96861.89023
96861.89023
96639.76341
96994.53230
97343.38100
97030.31529
96623.62847
96616.40243
96812.78291
96918.58508
96779.70006
96779.70006
96695.85504
97113.51800
97346.16748
98538.62217
98229.53267
98759.86185
98759.86185
98759.86185
98458.39564
98269.61641
98258.85554
97437.02336
97897.49545
97280.96295
96849.32878
97654.28582
97985.18912
97753.05981
97724.22451
97274.59476
97074.69461
97074.69461
97442.49475
97508.01646
97508.01646
96673.00589
96615.09701
96440.36429
96425.33431
96558.24999
96931.16722
96998.17952
96799.64694
96703.36781
96554.89128
96880.19365
95643.39404
95643.39404
95494.72002
96098.80370
95581.18439
95159.27483
96126.59739
96126.59739
96186.60997
96599.86813
96558.40453
96558.40453
96920.02234
97209.35146
96789.01390
96296.98010
96342.87732
96875.13584
96337.40631
96356.77648
96037.04550
96037.04550
96420.88608
96786.54154
97120.07105
96872.61994
96700.35561
96773.72416
96902.26592
96584.70094
96128.44080
96321.84021
96638.55219
96825.08235
96693.05509
96743.93979
96743.93979
96999.16568
96999.16568
96979.15146
96907.48765
96876.54083
97050.22796
97346.41563
97541.70269
97319.87905
97319.87905
97319.87905
97352.36872
96626.72402
96019.40989
96306.60240
96791.67909
96481.47548
96675.31476
96702.98102
96556.41981
96897.71753
97129.44452
96747.84909
97529.42392
97441.77799
97247.19706
97725.71074
97309.56782
97309.56782
97499.49533
97387.53375
97148.56169
97024.48895
97566.26912
97369.37903
97210.66755
96723.03686
96723.03686
96712.24923
96712.24923
96712.24923
96040.84448
96040.84448
95966.79026
95966.79026
96869.44131
96869.44131
96854.85648
97047.96446
97623.56590
97623.56590
97632.58782
97935.96587
97729.83849
97729.83849
97800.67105
97285.53486
96728.71097
96487.07308
96783.16042
96783.16042
97201.83812
97201.83812
97145.62973
97205.99983
97319.23732
97319.23732
97319.23732
97734.94200
97682.55631
97342.96116
97208.50157
97040.04717
97606.87844
97606.87844
97303.64590
97375.86300
97375.86300
96893.74001
97261.06319
97261.06319
96837.53232
96794.47377
97064.48582
97236.66844
97290.48362
97290.48362
97602.21475
97522.59942
97522.59942
97522.59942
97361.31251
97361.31251
97148.18859
97690.30764
97690.30764
97690.30764
97305.62278
97305.62278
97062.29072
97180.85638
97493.85060
97493.85060
97493.85060
97142.57741
96266.89920
96598.34368
96993.78645
97279.90321
97279.90321
97279.90321
97279.90321
97543.37671
96712.64271
96334.83714
96827.37547
96594.46201
96522.32834
96522.32834
95772.67488
95772.67488
96401.05255
96455.33339
96477.05262
96801.11783
96801.11783
96801.11783
96358.71366
96358.71366
96331.83098
97036.82483
96206.62006
96206.62006
96622.91661
96622.91661
97139.05223
97139.05223
97139.05223
97139.05223
97756.31387
97756.31387
97840.61045
97840.61045
97122.34632
96942.24887
96518.56377
96095.92535
96392.30378
96392.30378
96123.15227
96982.85950
97489.28610
97702.69724
96956.03121
96941.09116
96338.07635
96385.22866
96385.22866
95889.83678
95889.83678
96058.93465
96683.27256
96637.20077
97066.19752
97066.19752
97512.26569
97605.34151
97605.34151
97066.58825
97511.23320
97641.93991
97641.93991
97641.93991
98232.56988
98232.56988
98232.56988
98232.56988
98043.88486
97685.21845
97866.42872
98233.35817
97272.33951
97060.69958
97185.14082
97739.26851
97650.38787
96855.56098
96585.22467
96599.31690
96804.80541
96762.00437
96791.06107
96995.04660
96995.04660
96995.04660
97311.47899
96851.80522
96851.80522
97232.09114
96880.43528
96965.85539
97183.82740
97183.82740
97693.46048
97881.73926
97881.73926
97545.34168
97742.15970
97608.65951
97568.43381
97239.36300
97355.39706
97355.39706
96880.30446
96791.97547
96735.41175
96990.58810
96755.87386
96755.87386
96688.10908
96582.45133
96053.86329
96721.26632
96423.59183
96423.59183
96423.59183
96129.47406
96640.12462
96624.21631
96624.21631
96624.21631
96136.48785
96136.48785
96017.94476
96017.94476
96017.94476
96084.39658
95677.60907
95677.60907
96216.79499
96216.79499
96621.03932
96621.03932
96697.89033
96697.89033
96556.45512
96556.45512
96663.30756
96361.32063
96261.72106
96309.58930
96473.85639
96819.27265
97145.46275
96962.71728
97206.14039
96973.01278
97021.24229
97021.24229
96757.53281
96757.53281
96757.53281
96757.53281
96908.37105
97002.97683
97300.43544
96980.98346
97120.25167
96795.51802
96382.54670
96675.52912
96674.73564
96674.73564
96674.73564
96640.50036
96640.50036
96994.86392
97172.15368
97756.97183
98071.41039
97828.82856
97828.82856
97254.45600
97020.06875
96844.82137
96728.48282
96822.71894
97067.71013
97470.58682
97943.72349
97943.72349
97943.72349
97781.21320
97358.84420
96934.53525
97087.48360
96746.32803
96801.38524
96719.98525
96507.51732
96599.56044
96619.23935
96588.36454
95940.40054
95833.65124
95833.65124
95833.65124
96044.68903
96044.68903
95978.92847
96047.24125
96030.57659
96270.43343
96242.70609
96156.83155
96091.58974
96186.14066
96994.74861
96230.17737
96230.17737
95986.39691
96001.23925
95534.18277
95861.72471
95861.72471
95848.37810
96167.82793
95760.39259
95934.08224
95959.69234
95941.97631
97539.44741
97686.26150
98223.64412
98223.64412
98307.83536
97863.70617
97396.80263
97396.80263
96696.11420
97366.01625
97366.01625
97366.01625
97366.01625
98055.97712
98055.97712
98055.97712
97919.92002
98151.25121
97867.09064
97190.22757
97190.22757
97190.22757
97903.90570
97656.77811
97698.42062
97698.42062
96458.87999
96458.87999
97067.68068
96988.65201
97055.09439
97055.09439
97077.56505
97771.79976
97812.64958
98058.93710
97621.16781
97702.76679
97496.14446
97008.72654
97308.69008
97308.69008
97419.98766
97272.91111
97272.91111
97272.91111
97486.89822
96735.39092
96695.80319
96695.80319
96553.25416
97112.47628
96784.36201
97205.39109
97550.64400
97731.17002
97731.17002
97867.59588
97334.99922
97334.99922
97795.82364
97740.21194
97853.83245
97601.02098
98366.37897
98366.37897
97508.76612
97383.80302
96997.71258
97331.43357
97443.77921
97051.39071
96920.22991
97156.91111
96635.69893
96635.69893
96358.12888
96358.12888
96748.07508
96480.16950
96286.75285
96506.46877
96815.44865
96815.44865
96875.79705
96056.32619
96959.61400
97122.19410
97600.13304
96986.22629
96874.43110
96977.07824
96977.07824
96433.14363
96369.23450
95894.01439
96510.28982
96510.28982
96500.70905
97128.94789
97823.61914
97965.27405
97965.27405
97708.79261
97714.14541
97894.81444
97801.47111
97582.61394
97582.61394
97582.61394
96929.38488
96929.38488
96852.67516
96585.60680
96585.60680
96585.60680
96970.20984
97014.18986
97298.21098
97454.09732
97546.41019
97546.41019
97671.98083
97270.07761
98135.40727
97814.13707
97491.01574
97664.12612
98069.61614
98075.87178
97073.30717
97695.85115
97695.85115
97407.47638
96480.60914
95661.04576
95725.28096
95725.28096
95661.81636
95983.70114
96235.99240
96235.99240
96445.58960
96445.58960
96303.51674
95868.63343
95868.63343
96024.58061
96468.66364
96468.66364
96852.56520
97171.20414
97061.25120
97061.25120
97013.40875
97335.67361
97585.89396
97585.89396
97585.89396
97060.91825
97060.91825
97060.91825
96727.80889
96657.80571
97097.78746
96906.33554
97097.65560
97097.65560
97097.65560
96954.31972
96898.15779
96662.47158
97184.88134
97184.88134
97272.25693
97313.71946
97813.83819
98124.51910
97619.84156
97330.84047
97344.44035
97847.96995
97663.57381
97663.57381
97399.62687
97399.62687
97808.06576
97180.96453
97132.75033
97418.76801
97391.24393
97228.30398
97036.93426
97036.93426
96803.84334
96803.84334
97120.42828
97120.42828
97146.22941
97146.22941
98038.11645
97955.60255
97973.10641
97456.59555
96845.98483
96635.83793
95868.56065
95868.56065
95515.04576
95669.36444
96332.94930
96332.94930
96591.59138
97076.60769
97362.53254
97362.53254
97059.57065
97059.57065
97506.75755
97506.75755
97667.13624
97208.57410
96454.94957
96448.93449
96581.64825
96005.45824
96651.50272
96651.50272
95870.67338
95870.67338
96913.89971
96815.65919
97074.72272
97030.45393
97030.45393
97640.26371
98003.99903
98018.16653
98183.32288
98105.08239
97954.38645
97419.86470
97419.86470
97419.86470
97565.14922
97565.14922
97752.81106
98579.92916
97829.36165
97829.36165
96700.03377
96700.03377
96700.03377
96700.03377
96288.18602
96109.70805
96914.22521
97203.32108
97262.81992
97815.52831
97917.29571
97652.49909
97333.36964
96868.83311
96949.12087
97425.86641
96920.65880
97346.13308
97686.91564
97686.91564
97033.83982
97223.72520
96752.49752
96752.49752
97000.39624
97522.85102
97923.03553
98022.57192
97484.30246
97314.89281
96962.89910
97188.36458
98035.47707
97586.25305
97394.20857
97104.32464
97083.36128
96296.68457
96254.10245
96256.61732
96895.63710
96895.63710
96897.22167
96978.34206
96596.86249
96932.95319
96932.95319
96932.95319
96895.51074
96895.51074
97311.64074
97124.74513
97124.74513
97331.36708
97404.58952
97404.58952
97346.15934
97050.50326
97257.60671
96803.80682
97403.45293
97403.45293
97579.43379
97252.95116
97471.63587
97273.15559
97273.15559
97306.87859
97143.66759
97524.45195
97068.26880
97129.92942
97892.81863
97656.58153
97622.52327
97217.25359
97257.62625
97257.62625
97360.06778
97175.72718
97030.93648
97030.93648
97030.93648
96835.80664
97021.65698
97021.65698
96557.29635
96557.29635
96803.55842
97192.57838
97192.57838
96719.48534
97061.80870
97450.70773
97154.95146
97156.44077
97156.44077
97156.44077
95857.22900
96815.22093
96611.59159
96611.59159
96741.11962
96151.06379
96200.36935
96569.64063
96569.64063
96130.72558
95931.24670
95609.62523
95658.69170
95658.69170
95658.69170
95270.12535
94667.20905
95035.52148
95025.47204
95206.93109
95712.94134
96176.50752
96176.50752
96492.09980
96635.30891
96635.30891
96635.30891
96778.64624
97194.50175
97194.50175
97194.50175
97135.59552
97228.37210
97228.37210
97131.19871
96998.72683
96648.81754
96648.81754
96531.84637
96531.84637
96531.84637
96648.44028
97036.17073
97036.17073
97231.43172
98008.01281
97283.34193
96968.67388
96827.17545
96827.17545
97308.33980
96857.81400
97414.02074
97414.02074
97727.77238
97536.36976
97536.36976
98018.20127
96982.86284
96982.86284
96956.60627
96506.99702
96506.99702
96506.99702
96891.82502
96590.35376
97141.96554
97141.96554
97141.96554
97141.96554
97082.45546
96827.65868
96827.65868
96323.24337
96506.06003
96506.06003
96506.06003
96506.06003
96995.64668
96732.27404
96595.14263
96749.02762
96749.02762
96554.20834
96554.20834
96570.76947
96522.77894
96549.89621
96658.60616
96454.18229
96302.51618
96733.61529
96448.07867
96489.46457
96258.00441
96258.00441
96342.33349
96342.33349
96874.58199
96698.43763
96698.43763
96698.43763
96698.43763
97047.66652
97263.77749
97263.77749
97627.67166
97627.67166
97273.13659
97273.13659
97146.88756
97397.63750
97491.02313
97491.02313
97300.35410
97300.35410
97737.44142
98002.33276
98002.33276
98002.33276
97626.93579
97862.33023
97484.82291
97725.84160
97015.62455
97266.01665
97861.37858
97830.99112
98055.39471
97342.43133
97120.57054
97455.84004
97455.84004
97424.88692
97424.88692
97887.35267
97587.31947
97896.96215
97539.98941
98079.72907
97379.62153
97379.62153
97628.71158
97628.71158
97323.37204
97323.37204
97323.37204
97323.37204
97432.89938
97638.31418
96942.67734
96680.61259
96809.29604
96512.51986
96891.24882
96891.24882
96891.24882
97110.79017
97879.60071
97879.60071
97905.72773
97765.47798
97436.29142
97436.29142
98107.31465
97671.95812
97087.36087
96879.79817
96879.79817
96774.99871
96791.94349
97346.10989
97326.10405
97326.10405
96718.00154
96718.00154
97029.37597
97601.51726
96723.74765
97185.07363
96910.13560
97209.88862
97211.22629
97310.21099
96512.39923
96958.31911
96838.33673
97171.14511
97171.14511
97171.14511
97171.14511
97171.14511
97861.70163
97414.90946
97606.81636
97606.81636
97984.17641
98045.10679
97979.29591
98591.29232
97174.70372
97621.01098
97621.01098
97621.01098
97740.20127
97542.22964
97450.04069
97235.81874
97561.33592
97455.80703
97455.80703
97494.83712
97494.83712
96943.61302
97075.59672
97243.84473
97079.38989
97079.38989
97319.64261
97256.57769
97194.18564
97194.18564
97598.98217
98352.99243
97869.08213
97834.93023
97725.33460
97773.45216
96790.62793
96647.02037
96729.28169
97318.05194
96945.46750
96603.69887
97349.03522
97349.03522
97349.03522
97328.87087
97328.87087
97436.29109
97245.39336
97245.39336
97245.39336
97245.39336
96762.97616
96762.97616
97197.21683
97197.21683
96908.26094
96908.26094
97046.29015
97151.97998
97571.07541
97985.15640
97499.28327
97499.28327
97560.31216
97101.70367
96840.42822
97430.68194
97430.68194
97430.68194
97886.14729
97590.92359
97578.83263
97578.83263
97191.31419
97341.43981
97146.54392
97146.54392
96946.03823
96946.03823
96146.86293
96293.16482
96743.14852
96674.30648
96595.37692
96595.37692
97335.83717
97125.59131
97125.59131
97125.59131
96443.69325
96443.69325
96443.69325
96443.69325
96738.77882
96738.77882
95957.24510
96352.78756
96602.71440
96669.98571
96669.98571
96368.11389
96371.98424
96435.07654
97034.54335
97034.54335
97540.56981
97427.51053
97427.51053
97048.72016
97269.80427
97269.80427
97269.80427
96852.65660
97839.87362
97837.23313
97382.23086
96766.18177
97242.45295
97242.45295
96284.19793
96284.19793
96747.95781
97134.19145
97129.32836
97129.32836
96607.11869
97140.82993
97355.49201
97355.49201
96688.37205
97047.40717
97486.29049
97760.93727
97456.72168
97456.72168
97097.38252
97247.26677
97029.20757
97371.42535
97825.82543
97825.82543
97825.82543
97106.36953
97123.76233
97164.38662
96836.88940
97005.91981
96911.94186
96926.61192
96264.53314
96603.14710
96867.02612
96867.02612
97108.76071
96947.80735
97370.16985
98034.38153
98034.38153
97854.23373
98233.83852
98188.91854
97809.94453
97626.92446
96822.52439
96177.96855
95992.41579
96706.77790
96657.70644
96657.70644
96692.53382
96917.33343
97059.59154
96503.92316
96297.80563
97016.21296
97331.23320
97331.23320
97627.44650
96707.02333
96707.02333
96384.69190
96736.42143
96763.76383
96782.99364
96958.96098
96954.52949
97167.85119
96925.33847
97454.68149
97454.68149
97454.68149
96585.52484
96585.52484
96637.17857
96487.25877
96487.25877
96699.00419
96885.88277
97353.49589
97366.02375
97433.83875
97433.83875
97458.76711
97513.70151
97513.70151
97424.51414
97507.02989
97507.02989
97507.02989
97507.02989
97329.85048
97799.39157
96889.44074
96834.09413
97284.53690
96633.51019
97268.30135
96870.48156
97614.63676
96934.44205
96674.23992
96244.18524
96111.90664
96494.91537
96494.91537
96095.50397
96105.74277
96105.74277
96273.39987
96273.39987
96612.06272
96612.06272
