0.99602
0.99571
0.99571
1.00016
1.00016
1.00167
1.00133
0.99653
0.99653
1.00296
1.00296
1.01134
1.01134
1.01045
1.01045
1.00727
1.00634
0.99748
0.99617
0.99443
0.98974
0.98339
0.98235
0.98098
0.97431
0.97534
0.99302
0.99302
0.99850
0.98713
0.99092
0.99493
0.99493
0.99248
0.99248
0.99248
0.99195
0.99147
0.99911
0.99285
1.00250
1.00250
1.01002
1.00414
1.00414
1.00858
1.00858
1.01412
1.01412
0.99705
0.99349
0.99480
0.99963
1.00058
0.99753
0.99250
1.00119
0.99286
1.00120
1.00316
1.00892
1.00863
1.00863
1.00117
1.00084
1.00144
1.00012
0.99366
0.99366
0.99574
0.99574
0.99935
1.00008
0.99645
1.00037
1.00781
1.00781
1.00449
1.00310
1.00069
1.00436
1.00436
1.00428
0.99819
0.99819
0.99416
0.99180
0.99319
0.99319
0.99426
0.99160
0.99495
0.99495
0.99195
0.99796
0.99882
0.99584
0.99584
1.00102
0.99925
0.99925
0.99925
0.99634
0.99938
0.99938
0.99831
1.00465
1.00792
1.00079
1.00093
1.00093
1.00768
0.99713
0.99886
0.99978
1.00045
1.00045
0.99946
0.99955
0.99503
0.99503
0.99665
0.99682
0.99449
0.99449
0.99449
0.99104
0.99071
0.99469
1.00363
1.00363
1.00445
1.00445
1.00285
1.00285
0.99611
0.99840
0.99129
0.99245
0.98906
0.98757
0.98522
0.98383
0.98895
0.98895
0.99243
0.99243
0.99243
0.99243
0.98786
0.98786
0.98795
0.98095
0.98095
0.98397
0.98921
0.99515
0.99171
0.99437
1.00119
0.99542
0.99445
0.99379
0.99716
0.99849
0.99402
0.98807
0.98208
0.97971
0.97376
0.97811
0.98498
0.98498
0.98498
0.98498
0.98558
0.99058
0.99058
0.99019
0.99392
0.99392
0.99394
0.99782
0.99260
0.99952
0.99952
0.99248
0.99680
0.99554
0.98633
0.99170
0.99654
0.99275
0.98649
0.98841
0.99013
0.99102
0.98813
0.98432
0.98432
0.98060
0.97900
0.97900
0.98667
0.98402
0.98787
0.99275
0.99337
0.99051
0.99471
0.99236
1.00048
1.00189
0.99197
0.99704
0.99704
0.99538
0.99182
0.99603
0.98701
0.98701
0.99110
0.99110
1.00025
1.00407
1.00042
1.00042
0.99613
0.99268
0.99268
1.00058
0.99059
0.99059
0.98920
0.99296
1.00244
0.99905
1.00644
1.00018
1.00145
0.99736
0.99820
1.00216
1.00918
1.00887
1.00502
1.00736
1.00796
1.01104
1.00734
1.00630
0.99790
0.99790
0.99874
0.99874
1.00477
1.00847
1.00344
1.00344
1.00294
1.00473
1.00473
1.00808
0.99883
0.99832
0.99013
0.98922
0.99550
0.99550
0.99687
0.99743
0.98441
0.98368
0.98837
0.99101
0.98324
0.98324
0.98421
0.98286
0.98475
0.97640
0.99011
0.99308
0.98854
0.98329
0.98067
0.98642
0.99310
0.99186
0.98818
0.99237
0.99302
0.99513
0.99293
0.98627
0.98693
0.99626
0.99003
0.99003
0.99252
0.98486
0.98513
0.99292
0.99663
0.99663
0.99345
0.99080
0.98894
0.99002
0.99130
0.98866
0.98866
0.98471
0.98500
0.98544
0.98544
0.98893
0.98939
0.99570
0.99880
0.99138
0.99138
0.99138
0.98574
0.98305
0.99229
1.00001
0.99551
0.99928
0.99928
1.00226
1.00068
1.00178
0.99994
0.99808
1.00081
1.00081
1.00081
0.99634
0.99730
0.99696
1.00349
0.99965
0.99511
0.99046
0.99993
0.99976
0.99132
0.99350
0.98957
0.98957
0.99018
0.99018
0.99019
0.99184
0.98615
0.98308
0.98567
0.98567
0.99405
0.99558
0.99558
0.99399
1.00009
1.00009
1.00043
1.00043
1.00258
1.00550
1.00306
1.00306
0.99838
0.99540
0.99131
0.99150
0.98348
0.98082
0.98648
0.98648
0.98463
0.98594
0.98579
0.98579
0.99337
0.99307
0.98897
0.99537
0.99537
0.99537
0.99537
0.98962
1.00038
1.00424
1.01071
1.00654
1.00692
1.01184
1.01045
1.01072
1.01398
1.01410
1.01476
1.00754
1.00754
1.00683
1.01406
1.00423
1.00423
1.01079
1.01187
1.01187
1.00499
0.99643
1.00313
1.00180
1.00180
1.00180
0.99516
0.99516
0.99831
0.99831
0.99297
0.99482
0.98746
0.99201
0.99201
0.99639
0.99426
0.99595
0.99595
0.99940
0.99380
0.99724
0.99724
1.00124
1.00513
1.00969
1.01600
1.01600
1.01564
1.01599
1.00948
1.00775
1.01303
1.01304
1.00898
1.00858
1.00858
1.01572
1.01261
1.01261
1.01312
1.01312
1.01017
1.01017
1.00929
1.01457
1.00878
1.00859
1.00279
1.00270
1.00916
1.00676
1.00622
1.01291
1.00351
1.00059
0.99139
0.99423
0.98615
0.98965
0.98386
0.98809
0.98980
0.99360
1.00004
0.99627
0.99668
0.99668
1.00367
1.00980
1.01150
1.01150
1.01150
1.00681
1.00238
1.00235
1.01234
1.00442
1.00442
1.00289
1.00289
1.00670
1.00572
1.00139
0.99454
0.99475
0.99139
0.99297
0.99624
0.99444
0.99540
0.99628
1.00474
1.00582
1.00575
1.00049
1.00068
1.00101
1.00101
1.00429
0.99288
0.99756
0.98831
0.99624
0.99007
0.99837
1.00602
1.00336
1.00983
0.99697
0.99697
0.99687
0.99349
0.99813
0.99777
0.99777
0.98901
0.99653
0.99612
0.99394
0.98982
0.99372
0.99624
0.99640
0.99489
0.99409
0.99330
0.99330
1.00221
1.00221
1.00221
0.99967
0.99123
0.98921
0.98921
0.99368
0.99861
0.99326
0.99070
0.99894
0.99041
0.99096
0.99866
1.00000
1.00242
1.00242
1.00275
1.00275
1.00290
1.00181
1.00784
1.00784
1.01277
1.01277
1.01066
1.01066
1.00626
1.00227
0.99703
0.99654
0.99654
0.99654
0.99654
0.99349
0.98571
0.98808
0.99106
0.99971
1.00320
0.99847
0.99986
0.99986
0.99986
0.99854
1.00892
1.00265
1.00391
1.00391
1.00462
1.00462
1.00046
1.00046
1.00243
1.00544
1.00377
1.00377
0.99569
0.99116
0.99116
0.98962
0.98777
0.98256
1.00280
0.99347
0.99780
0.99321
0.98940
0.98940
0.99018
0.99224
0.98883
0.99337
0.99579
0.99579
0.99638
0.99643
0.99370
0.99339
0.98390
0.98288
0.98873
0.98727
0.98568
0.98425
0.98425
0.98454
0.98801
0.98801
0.98749
0.98749
0.98551
0.98551
0.98297
0.98559
0.98559
0.98539
0.98549
0.98549
0.98549
0.98549
0.98356
0.98437
0.98589
0.99502
0.99584
0.99345
0.99102
0.99280
1.00082
0.99884
0.99765
0.99765
0.99803
0.99338
0.99748
0.99750
0.99750
0.99796
0.99881
0.99881
0.99881
0.99712
0.99812
0.99812
0.99934
0.99041
0.99041
0.99041
0.98387
0.98623
0.98623
0.98623
0.98432
0.98689
0.99238
0.98946
0.98922
0.97963
0.97963
0.97963
0.97963
0.98033
0.98122
0.98122
0.98707
0.98308
0.97710
0.97845
0.97991
0.97923
0.98398
0.98257
0.98257
0.98777
0.99764
0.99799
1.00547
1.00547
1.00470
1.00091
1.00725
1.01146
1.00667
1.00667
1.00531
1.00602
1.00715
1.00715
1.00157
1.00170
1.00170
1.00170
1.00197
1.00037
0.99861
0.99554
0.99859
0.99886
0.99744
0.99620
0.98988
0.99127
0.99702
1.00368
1.00469
1.00469
1.00469
1.00469
1.00654
1.00641
1.00709
1.00062
1.00301
1.00613
1.00542
1.00670
1.00822
1.00822
1.00110
1.00234
1.00361
1.00273
1.00304
1.00602
1.00525
1.00633
0.99911
1.00126
0.99769
1.00643
1.00651
1.00651
1.00626
1.01259
1.00603
1.01388
1.01305
1.00651
1.00112
1.00112
0.99989
0.99626
1.00139
1.00553
1.00157
1.00157
0.99656
1.00283
1.00122
0.99999
0.98751
0.98766
0.98542
0.98802
0.99428
0.98548
0.99418
0.99418
0.98588
0.99136
0.98635
0.98635
0.97952
0.98096
0.98605
0.98605
0.99753
0.99877
0.99877
1.00272
1.00272
0.99874
0.99874
0.99952
0.99356
0.99356
0.99732
0.99335
0.99335
1.00032
1.00196
1.00073
1.00109
1.00109
1.00603
0.99696
0.99190
1.00141
0.99999
1.00514
1.00620
1.00620
1.00357
1.00035
0.99742
0.99872
0.99242
0.99089
0.99089
0.99089
0.98802
0.99274
0.99626
0.99626
0.99503
0.98922
0.99423
1.00277
1.00334
1.00120
1.00471
1.00471
1.00686
1.00686
0.99491
0.99899
0.99682
0.99487
0.99510
0.99994
1.00028
1.00028
1.00228
0.99419
0.99252
0.99252
0.99171
0.99546
0.99353
0.99353
0.98588
0.98588
0.98588
0.98781
0.98781
0.98787
0.98373
0.98651
0.98262
0.98935
0.99109
0.98392
0.98989
0.99305
0.99724
0.99719
0.98991
0.99221
0.99221
0.99221
0.99465
0.99465
0.99381
0.99179
0.99343
0.99343
0.99221
0.99279
0.98919
0.98919
0.98920
0.97872
0.98093
0.98656
0.99190
0.99190
0.99907
0.99677
0.99677
0.99755
1.00672
1.00979
1.00012
1.01011
1.01338
1.00661
1.00527
1.00395
1.00168
1.01006
1.01141
1.01141
1.00930
1.00901
0.99937
1.00537
1.00086
0.99902
0.99857
0.99167
0.99180
0.98749
0.98559
0.98962
0.99185
0.99311
0.99101
0.98936
0.98994
0.98994
0.98738
0.99320
0.99320
0.99320
0.99078
0.99219
0.99337
0.99502
0.99502
0.99577
0.99022
0.99263
0.99227
0.99838
0.99994
1.00552
1.00440
1.00440
1.00681
1.00681
1.00858
1.00803
1.00758
1.01378
1.01378
1.00435
1.00072
1.00072
0.99524
0.99524
0.99624
0.99624
0.98657
0.98401
0.98489
0.98329
0.98329
0.98040
0.98270
0.97473
0.97683
0.97683
0.98291
0.98291
0.99133
0.99384
0.99162
0.99162
0.99470
1.00022
0.99585
0.99175
0.99313
0.99674
0.99511
0.99511
0.99747
0.99894
0.99631
0.99600
0.99749
0.99758
1.00945
1.01045
0.99323
0.99815
0.98917
0.98917
0.99453
0.99453
0.99275
0.98618
0.98357
0.98680
0.98940
0.99050
1.00331
1.00331
1.00168
1.00168
1.00870
1.01028
1.00666
1.00291
1.00090
0.99376
0.99619
0.99216
1.00028
1.00555
1.00968
1.00968
1.01550
1.01550
1.01002
1.01350
1.01838
1.01484
1.01153
1.01366
1.01429
1.01247
1.01281
1.01281
1.01101
1.01101
1.00403
1.00221
1.00044
1.00850
1.00836
1.00836
1.00621
1.00621
0.99630
1.00339
0.99887
0.99887
0.99472
0.98897
0.98916
0.98936
0.97962
0.98005
0.97928
0.97928
0.97928
0.97811
0.98072
0.98190
0.99017
0.98691
0.98366
0.98366
0.98549
0.98973
0.98701
0.98701
0.98701
0.98579
0.98735
0.98341
0.98329
0.98368
0.98940
0.99015
0.99043
0.99043
0.98450
0.98708
0.98575
0.98575
0.98575
0.98882
0.99706
0.99706
0.99809
0.99652
0.99652
1.00121
1.00367
1.00107
1.00107
1.00319
0.99909
0.99909
0.99284
0.99284
0.99948
0.99258
0.98485
0.97762
0.97900
0.97142
0.97315
0.97315
0.98410
0.98410
0.98610
0.98764
1.00278
0.99884
1.00016
0.99860
0.99587
0.99273
1.00016
1.00016
1.00693
0.99942
1.00221
1.00221
1.00221
1.00221
1.00616
1.00638
1.01352
1.01542
1.01542
1.01542
1.01938
1.02087
1.01261
1.00524
1.01482
1.01482
1.01004
1.00904
1.00904
1.01445
1.01445
1.01336
1.01260
1.01213
1.00407
1.00969
1.00290
0.99704
0.99529
0.99529
0.99892
0.99892
0.99520
0.99520
0.99520
0.99520
0.99365
0.98873
0.98873
0.98873
0.99037
0.99338
0.98624
0.98624
0.98820
0.99128
0.99625
0.99625
1.00728
0.99384
1.00015
1.00015
1.00081
0.99638
0.99502
0.99502
0.99502
0.98898
0.98779
0.99275
0.99251
0.99251
0.99166
0.99166
0.99696
1.01084
1.00903
1.00903
1.00456
0.99664
0.99752
1.00123
1.00742
1.00261
1.00567
1.00567
1.00375
1.00375
0.99590
0.99502
0.99338
0.99338
0.99338
0.98986
0.99244
0.99512
1.00056
1.00056
0.99893
0.99893
0.99938
1.00195
1.00627
1.00343
1.00278
1.00195
0.99847
0.98916
0.98252
0.99627
0.98858
0.99487
0.99487
0.98978
0.99308
0.99484
0.99927
0.99927
0.99205
0.99248
1.00697
1.01190
1.00617
0.99887
0.99830
0.99830
0.99747
0.99933
0.99007
0.99007
0.99007
0.99362
0.99649
0.99617
0.99680
1.00218
1.00218
0.99922
0.99668
0.99668
1.00079
1.00083
0.99704
0.99582
0.99866
0.99311
0.99143
0.98935
0.98666
0.98666
0.98737
0.98337
0.98337
0.98781
0.98039
0.98039
0.97866
0.97832
0.98178
0.98178
0.98749
0.98749
0.98876
0.98876
0.98738
0.99455
0.99635
0.99558
0.99433
0.99470
0.99470
0.99470
0.99022
0.99022
0.99410
0.99410
0.99410
0.99377
0.99377
0.99504
1.00173
1.00291
1.00218
0.99922
1.00564
0.99894
1.00230
1.00230
1.00876
1.01376
1.01056
1.01056
1.00543
0.99883
1.00276
0.99400
0.99587
0.99488
0.98966
0.99037
0.99037
0.99037
0.99109
0.99109
0.99275
0.98859
0.99604
0.98726
0.98889
0.98760
0.99016
0.99016
0.99486
0.99486
1.00008
1.00083
1.00123
0.99653
0.99793
0.99924
1.00414
1.00353
0.99082
0.99082
1.00630
1.00630
0.99858
0.99858
1.00470
1.00120
1.00547
1.00659
1.01505
1.01493
1.01598
1.01379
1.00180
0.99780
0.99679
1.00168
0.99798
0.99758
1.00187
1.00187
1.00031
1.00597
1.00392
1.00260
1.00260
1.00124
0.99628
0.99696
0.99312
0.99312
0.98770
0.98757
0.98757
0.98757
0.99120
0.99120
0.99699
0.99882
0.99671
0.99939
1.00807
1.00505
1.00592
1.00509
1.00872
1.01282
1.01105
1.01704
1.00388
0.99978
1.00516
1.00516
1.00516
0.99693
0.99229
0.99355
0.99355
0.99558
0.99256
0.99203
0.99203
0.99818
0.99070
0.99375
0.99434
0.99680
0.99680
0.99351
0.98673
0.98673
0.98547
0.98981
0.98981
0.98941
0.98941
0.98698
0.99465
0.99731
1.00182
1.00837
1.00694
1.00694
1.00650
1.00650
1.00498
1.00357
1.00050
1.00050
1.01127
1.01127
1.01107
1.01083
1.01019
1.00478
0.99792
0.99792
0.99792
1.00358
1.00651
1.00158
0.99882
0.99776
1.00153
0.99837
0.99837
0.99395
0.99728
0.99445
0.99410
0.99410
0.99170
0.99335
0.98844
0.98844
0.98672
0.98672
0.98907
0.99086
0.99547
0.98968
0.99190
0.99190
0.99823
0.99581
0.98997
0.99041
0.99041
0.99102
0.99373
0.98504
0.98464
0.99394
0.98573
0.98548
0.98208
0.98292
0.98292
0.98292
0.98909
0.99514
0.98542
0.98489
0.98683
0.98683
0.98683
0.98774
0.98805
0.98722
0.98486
0.99086
0.98773
0.97921
0.98497
0.98646
0.97868
0.97868
0.98722
0.99107
0.98747
0.99389
0.99855
0.99582
0.98243
0.98683
0.99296
0.99312
0.99002
0.99710
0.99569
0.99569
0.99332
0.99088
0.97805
0.98170
0.98420
0.98454
0.98454
0.98288
0.98925
0.99652
0.99403
0.98727
0.98846
0.98234
0.97976
0.97976
0.97976
0.97976
0.97606
0.97606
0.98095
0.97800
0.97915
0.97915
0.98131
0.98383
0.98545
0.98965
0.98828
0.99565
0.99749
1.00043
0.99189
0.99181
0.99360
0.99192
0.99192
0.99692
0.99575
0.99171
0.99735
0.99677
0.99677
1.00543
1.00543
1.00543
1.00149
1.00616
0.99731
1.00195
1.00083
0.99985
1.00305
1.00388
1.00467
1.00467
1.00426
1.00426
1.00052
0.99847
0.99847
0.99847
0.99883
0.99883
0.98996
0.98996
0.98996
0.99238
0.99657
0.99657
0.99580
1.00215
0.99957
0.99693
1.00094
1.00094
1.00236
1.00087
1.00754
1.00754
1.00555
1.00555
1.00510
1.00510
1.00148
1.00148
1.00148
1.00119
1.00267
1.00553
1.00221
1.00221
1.00221
1.00550
1.01370
1.01370
1.01370
1.01370
1.00584
1.00347
1.00064
0.99316
1.00054
0.99127
0.99733
0.99823
0.99882
0.99627
0.99627
0.99627
0.99407
0.99506
1.00130
1.00725
1.00324
1.00577
1.00577
1.00391
1.00134
1.00637
1.00637
1.00055
1.00055
1.01242
1.00397
1.00397
1.00397
0.99374
0.99498
0.99967
0.99741
1.00324
1.00770
1.00464
1.00098
0.99763
1.00423
1.00423
1.00423
1.00128
1.00076
0.99906
0.99818
1.00398
1.00855
1.00332
1.00051
0.99866
0.99682
1.00270
1.00085
1.00141
1.00661
0.99461
0.99461
0.99444
0.99658
0.99711
0.99711
0.99885
0.99375
0.99500
0.99059
0.99059
0.98668
0.98737
0.98703
0.99343
0.99343
0.99343
0.99495
0.99532
0.99334
0.99901
0.99877
0.99823
0.99263
0.99685
1.00445
1.00279
1.00158
0.99654
0.99654
1.00427
0.99143
0.99143
0.98660
0.98660
0.98600
0.98600
0.98872
0.99075
0.99044
0.99844
0.99528
0.99460
0.99212
0.99571
0.99571
0.99571
0.98599
0.98599
0.98299
0.98461
0.98677
0.98459
0.98825
1.00343
0.99933
0.99243
0.99351
0.99209
0.99035
0.99784
0.99274
0.99274
0.99357
0.98840
0.98977
0.98682
0.99548
0.99508
0.99508
0.99508
0.99353
0.99028
0.99479
0.99479
0.99796
1.01117
1.01239
1.01050
1.00581
0.99976
0.99976
1.00882
1.00882
1.00882
1.00237
1.00103
1.00294
1.00931
0.99292
1.00271
1.00196
0.99622
0.99385
0.99164
0.99720
0.99720
0.99230
0.99258
0.99502
0.99502
0.99502
1.00368
0.99782
0.99015
0.99209
0.99209
0.99209
0.98874
0.98646
0.98606
0.98430
0.98300
0.98132
0.98159
0.98909
0.98909
0.98739
0.99045
0.99781
0.99734
1.00074
1.00074
0.99759
0.99759
0.99848
0.99848
1.00103
1.00603
1.00265
1.00265
0.99406
0.99491
0.98571
0.98571
0.98365
0.99048
0.99877
1.00014
1.00014
0.99951
0.99604
0.99515
0.99644
0.99894
0.99854
0.99943
0.99871
0.99412
0.99412
0.99412
0.99617
1.00597
1.00636
1.00773
1.00300
1.00506
1.00210
1.01149
1.00721
1.00721
1.00581
1.01091
1.00753
1.00998
1.00335
0.99566
0.99462
0.99768
0.98688
0.99682
0.99045
0.99045
0.99697
0.99575
0.99025
0.98882
0.98977
0.99057
0.99057
0.99057
0.98914
0.99465
0.98409
0.98837
0.98963
0.98963
0.99553
0.99431
0.99131
0.99557
0.99446
0.99506
0.99338
0.99488
0.98625
0.98625
1.00139
0.99914
0.99925
0.99815
0.99723
0.99723
1.00579
1.00587
1.00463
1.00463
1.01782
1.01782
1.01201
1.00682
1.00791
1.01183
1.01183
1.00591
0.99676
1.00101
1.00101
1.00101
1.00415
1.00599
1.00599
1.00294
0.99740
1.00663
1.00866
1.00138
1.00138
0.99705
0.99609
0.99609
0.98920
0.99805
0.99049
0.99049
0.99049
0.98825
0.99039
0.99039
0.99039
0.99039
0.99112
0.99194
0.99194
0.99202
0.98692
0.98794
0.98794
0.98794
0.98874
0.98874
0.99051
1.00256
0.99884
0.99905
0.99271
0.99271
0.99271
0.99281
0.99141
0.99217
0.99217
0.99086
1.00101
0.99616
0.99837
0.99837
0.99837
0.99837
1.00102
0.99907
0.99907
1.00045
0.99786
1.00152
1.00065
1.00856
1.00856
1.01222
1.01397
1.00699
1.01067
1.01453
1.00765
1.01189
1.00808
1.00113
1.00113
1.00180
0.99789
1.00054
1.00605
1.00789
1.00457
1.00457
1.00418
1.00418
1.00418
0.99865
0.99377
0.99326
0.98870
0.99243
0.99477
0.99069
0.99672
0.99672
1.00279
1.00279
0.99875
0.99875
0.99325
0.99710
1.00193
1.00193
0.99558
0.99855
1.00024
0.99728
0.99728
0.99129
0.99033
0.99033
0.98729
0.98729
0.98729
0.98697
0.98160
0.98938
0.99040
0.98841
0.99671
0.99910
0.99966
0.99966
0.99697
0.99644
0.99319
0.99015
0.99408
0.99783
0.99783
0.99783
1.00386
1.00381
1.00598
1.00440
1.00440
1.00666
1.00471
1.00471
1.00153
