-12287.15298
-12218.50286
-12287.30681
-12249.68400
-12247.37885
-12192.63290
-12272.02088
-12250.75955
-12233.16337
-12256.53522
-12207.35366
-12213.16523
-12309.14325
-12347.00115
-12361.54665
-12309.21628
-12336.06458
-12255.80112
-12357.20803
-12347.94806
-12250.16411
-12296.63759
-12263.55793
-12309.58640
-12317.27193
-12331.14940
-12365.08050
-12302.53304
-12315.76277
-12306.17890
-12248.17201
-12305.01199
-12334.20967
-12349.33520
-12289.15397
-12269.39617
-12260.94552
-12288.69750
-12286.47413
-12253.38374
-12261.10868
-12338.46916
-12249.43976
-12234.82529
-12344.25680
-12229.60113
-12216.35612
-12285.70605
-12320.45884
-12244.44642
-12336.65169
-12300.89837
-12339.00388
-12289.23312
-12254.70777
-12274.59308
-12294.03267
-12288.86601
-12292.36716
-12346.22219
-12312.53951
-12334.28073
-12272.16829
-12281.22957
-12282.42721
-12324.36076
-12284.83725
-12239.62326
-12259.10056
-12288.72791
-12345.09853
-12332.13858
-12292.04160
-12289.96431
-12290.71706
-12289.22917
-12270.91210
-12317.84789
-12222.07094
-12203.17016
-12263.95890
-12184.57178
-12293.42755
-12237.87910
-12311.62072
-12307.69166
-12282.24423
-12313.05538
-12172.23491
-12244.26641
-12269.25742
-12188.76492
-12295.04562
-12270.78303
-12254.80459
-12313.69002
-12275.60005
-12269.99395
-12323.65479
-12257.27920
-12306.10140
-12304.52852
-12270.68172
-12299.58152
-12305.66557
-12213.78690
-12340.99220
-12340.02332
-12355.86991
-12257.13644
-12301.88654
-12244.38095
-12225.73771
-12203.04324
-12257.54050
-12272.20008
-12276.50266
-12291.26325
-12242.59069
-12286.95078
-12299.65088
-12291.89523
-12300.10599
-12213.63490
-12212.26612
-12262.71541
-12324.60943
-12353.51964
-12245.93038
-12302.51829
-12292.04907
-12285.49472
-12292.21438
-12266.72446
-12259.88889
-12234.61639
-12272.12286
-12315.53045
-12291.68464
-12197.92834
-12238.09800
-12239.49998
-12271.56742
-12253.38283
-12280.45304
-12354.44639
-12367.08453
-12345.39994
-12319.95832
-12290.28069
-12265.67533
-12288.36843
-12282.64068
-12278.19763
-12273.54765
-12302.86111
-12308.30820
-12330.28587
-12312.93435
-12293.60216
-12287.08303
-12327.78813
-12329.00504
-12297.27958
-12301.64301
-12362.76756
-12368.17411
-12394.94147
-12377.39522
-12371.40858
-12299.31131
-12163.62540
-12197.03227
-12194.56415
-12265.95335
-12311.63536
-12279.68879
-12308.52419
-12253.32626
-12363.70779
-12312.68759
-12299.91093
-12308.81644
-12288.75815
-12242.06470
-12236.44776
-12188.18807
-12210.79126
-12233.48968
-12203.75343
-12228.06758
-12254.83741
-12258.90844
-12207.51715
-12214.13822
-12232.83053
-12191.25746
-12218.28590
-12192.28901
-12181.36553
-12328.46288
-12248.67008
-12326.39277
-12310.81609
-12247.48256
-12278.15961
-12304.87229
-12294.21673
-12353.48127
-12364.39770
-12315.43246
-12300.14086
-12359.61149
-12272.68387
-12289.10200
-12288.10771
-12300.11042
-12311.62003
-12284.91128
-12231.67098
-12228.28963
-12237.42806
-12206.56245
-12204.39671
-12179.92049
-12174.37322
-12214.02156
-12200.13992
-12195.69374
-12236.75028
-12187.73235
-12198.16596
-12153.35230
-12208.61077
-12200.27445
-12195.10844
-12154.58137
-12187.64373
-12139.11561
-12170.60405
-12168.47623
-12181.51597
-12247.14641
-12266.35339
-12260.90183
-12265.04145
-12246.70162
-12272.94039
-12201.08049
-12241.97750
-12196.85894
-12205.27115
-12262.19960
-12247.71812
-12241.75536
-12234.01165
-12293.83285
-12231.56300
-12254.52611
-12262.00653
-12341.33622
-12341.92055
-12352.20935
-12300.56008
-12258.38542
-12251.13333
-12225.43174
-12183.84225
-12182.62101
-12231.44121
-12277.68719
-12208.43692
-12248.47268
-12208.46681
-12226.46119
-12221.37501
-12222.90677
-12218.41705
-12299.62591
-12267.04134
-12282.40593
-12259.56072
-12364.59602
-12349.01717
-12311.93895
-12283.11115
-12363.39738
-12352.20208
-12382.30991
-12315.20442
-12393.06122
-12358.38357
-12315.73734
-12323.08473
-12253.14551
-12278.30401
-12224.68847
-12300.57840
-12266.18268
-12180.78801
-12227.25896
-12244.99123
-12290.06765
-12292.80586
-12263.98531
-12320.61433
-12296.60195
-12264.97469
-12247.46184
-12264.16712
-12281.54473
-12306.51962
-12306.25776
-12279.34965
-12319.25768
-12352.17817
-12384.74419
-12351.65671
-12317.55295
-12328.29701
-12297.22571
-12343.59096
-12331.22131
-12277.78515
-12275.93034
-12308.97999
-12287.76679
-12268.08475
-12331.12678
-12252.46683
-12351.84880
-12389.23116
-12369.69474
-12359.93488
-12356.96295
-12301.02222
-12275.60283
-12299.85841
-12268.41049
-12281.07874
-12205.06917
-12292.20885
-12232.05532
-12234.47677
-12221.09352
-12225.25853
-12322.41335
-12271.34347
-12310.85985
-12318.55646
-12260.95235
-12225.74222
-12262.92318
-12194.63156
-12257.14813
-12214.16514
-12215.87559
-12216.99247
-12163.38059
-12162.38038
-12158.71226
-12212.28070
-12228.36480
-12240.26389
-12269.61970
-12310.52561
-12251.38700
-12176.80489
-12273.40174
-12303.43087
-12267.43795
-12237.24765
-12276.73111
-12234.06419
-12248.37708
-12197.51359
-12273.37690
-12275.09558
-12250.09287
-12286.23038
-12312.12862
-12241.54008
-12238.01740
-12288.54355
-12282.74401
-12203.55955
-12343.48770
-12236.55250
-12286.95014
-12322.04735
-12337.00731
-12336.99039
-12300.15587
-12292.18379
-12287.47802
-12271.90342
-12277.24037
-12270.59294
-12239.35348
-12269.18519
-12318.13863
-12304.85537
-12287.83307
-12285.31415
-12295.12064
-12304.52083
-12276.42621
-12225.63903
-12215.73172
-12245.17911
-12208.72529
-12259.39821
-12240.97837
-12264.50915
-12239.41528
-12218.43465
-12255.45198
-12271.67767
-12292.19151
-12247.38591
-12314.52740
-12302.55725
-12316.99119
-12257.36108
-12286.07973
-12200.00621
-12239.14056
-12305.25905
-12233.05667
-12277.02315
-12352.04309
-12277.40848
-12325.76944
-12295.90085
-12229.28455
-12227.62360
-12246.98398
-12263.54381
-12223.26067
-12203.75399
-12169.77332
-12191.92925
-12205.03658
-12236.72691
-12303.18842
-12257.22237
-12278.66901
-12237.73081
-12266.17173
-12230.84215
-12215.89341
-12306.38996
-12271.74385
-12268.13164
-12224.93146
-12280.79583
-12278.16205
-12291.57232
-12266.47715
-12199.18287
-12271.67168
-12278.90822
-12197.73190
-12277.23875
-12201.82519
-12189.10886
-12209.48092
-12203.91585
-12189.27666
-12269.31860
-12313.28879
-12351.58009
-12376.50944
-12330.21893
-12304.35570
-12317.72755
-12343.99550
-12328.45805
-12299.96940
-12248.52295
-12290.68205
-12307.94402
-12285.33983
-12225.53729
-12291.15908
-12292.15826
-12279.80657
-12334.81488
-12351.45032
-12367.74749
-12328.41539
-12323.29079
-12272.05837
-12296.77336
-12241.88852
-12275.70126
-12217.57473
-12234.74881
-12240.30931
-12221.49089
-12251.55295
-12204.84493
-12221.25770
-12289.71290
-12277.29294
-12244.62776
-12241.63486
-12273.60630
-12245.29441
-12313.66002
-12294.05734
-12219.08340
-12224.41180
-12265.05477
-12249.68100
-12314.35436
-12283.95881
-12326.15636
-12274.36036
-12323.73287
-12286.58765
-12292.07889
-12259.23875
-12213.51157
-12317.72287
-12239.90809
-12258.20371
-12280.05873
-12310.42195
-12201.93906
-12272.67902
-12247.35969
-12284.01226
-12267.37537
-12264.43341
-12282.63761
-12287.21955
-12319.19609
-12266.16031
-12290.20311
-12345.49173
-12335.31441
-12278.63538
-12239.82516
-12317.67916
-12341.54298
-12387.74080
-12270.33324
-12272.99354
-12155.92915
-12281.81628
-12300.92200
-12314.00724
-12255.07713
-12279.04398
-12316.49976
-12365.08338
-12275.93031
-12339.56582
-12304.62087
-12309.37683
-12363.83580
-12352.06158
-12305.88863
-12252.27334
-12293.25803
-12263.73314
-12290.84398
-12263.24937
-12231.06414
-12237.24858
-12145.66435
-12204.85215
-12195.71422
-12203.26279
-12167.67087
-12221.05713
-12181.86558
-12272.70791
-12218.37794
-12181.36141
-12228.63307
-12240.34584
-12185.23807
-12236.95835
-12264.07000
-12271.57789
-12253.77641
-12220.03030
-12312.68910
-12316.56305
-12367.37618
-12290.86415
-12293.83639
-12305.25388
-12320.11975
-12236.89328
-12243.61052
-12256.17166
-12215.09767
-12215.10396
-12228.41490
-12192.68989
-12259.65117
-12287.60533
-12307.02178
-12234.86117
-12201.90012
-12223.42359
-12232.93318
-12252.84238
-12272.00180
-12322.39970
-12220.48784
-12323.27660
-12263.37972
-12214.83739
-12148.74850
-12304.08121
-12303.71957
-12272.42427
-12240.85433
-12310.72021
-12278.55774
-12257.91706
-12304.12634
-12283.56098
-12287.03189
-12224.97552
-12284.96301
-12313.26476
-12310.18760
-12259.57929
-12256.09461
-12275.67309
-12337.14729
-12341.78264
-12343.61825
-12353.50601
-12297.73018
-12291.73874
-12301.97162
-12330.02340
-12271.41190
-12289.98359
-12282.25035
-12249.69084
-12242.40085
-12252.46907
-12314.94611
-12341.84435
-12260.76511
-12239.73992
-12212.57301
-12222.65428
-12254.25044
-12264.70788
-12253.46961
-12271.50739
-12227.73978
-12222.91278
-12194.40789
-12241.42942
-12184.69213
-12218.67163
-12214.73204
-12240.66154
-12240.65241
-12215.84122
-12217.08570
-12219.74425
-12287.37170
-12273.05214
-12222.17563
-12281.74629
-12208.92856
-12285.50081
-12250.12394
-12298.83144
-12300.85095
-12318.67330
-12302.87389
-12293.77059
-12314.59852
-12336.52235
-12231.73186
-12255.71188
-12269.60669
-12321.74119
-12278.00040
-12290.07034
-12363.59507
-12305.51987
-12307.31980
-12232.87473
-12191.91835
-12276.65132
-12207.03369
-12277.50810
-12249.72089
-12204.57975
-12258.24297
-12310.05069
-12273.88003
-12249.29155
-12276.34712
-12282.60254
-12266.76914
-12330.98914
-12215.38365
-12220.41961
-12258.01395
-12210.94141
-12172.34321
-12186.46313
-12273.85957
-12284.48401
-12207.53945
-12187.61961
-12172.28578
-12235.04716
-12184.14357
-12170.56398
-12145.38340
-12253.34427
-12287.84058
-12223.69137
-12175.78501
-12262.58851
-12291.48623
-12253.87909
-12295.65046
-12278.27778
-12238.91021
-12273.51618
-12270.66694
-12319.87766
-12324.94497
-12263.45970
-12288.63894
-12322.49678
-12292.60806
-12303.32975
-12242.41900
-12245.63156
-12250.68073
-12223.45350
-12144.75623
-12164.20401
-12194.36449
-12249.53717
-12265.74563
-12239.55252
-12305.37475
-12290.03170
-12356.23956
-12316.11377
-12299.51071
-12376.92540
-12381.56183
-12380.65570
-12366.68788
-12378.00170
-12327.86818
-12240.36336
-12265.80857
-12241.77492
-12214.82080
-12269.63219
-12316.05978
-12298.49939
-12288.84481
-12264.22830
-12237.06384
-12284.02394
-12300.38856
-12383.31502
-12364.95666
-12372.53705
-12341.87516
-12371.72506
-12317.15631
-12301.82653
-12272.83532
-12308.97557
-12289.41731
-12325.10350
-12337.06108
-12318.40550
-12303.09798
-12342.37261
-12294.93581
-12291.44195
-12194.21190
-12332.59439
-12294.07346
-12216.60667
-12330.35135
-12274.04455
-12260.23720
-12309.40779
-12275.29688
-12249.49809
-12263.33692
-12301.24348
-12346.20561
-12362.66958
-12338.46394
-12304.39483
-12297.31840
-12254.15312
-12230.33860
-12261.10943
-12280.82781
-12327.79774
-12272.24933
-12276.53782
-12266.86248
-12234.12016
-12228.17757
-12279.51643
-12185.56607
-12236.23128
-12204.35170
-12258.98535
-12298.34618
-12255.37843
-12229.74745
-12317.48879
-12273.90397
-12272.08292
-12301.17373
-12325.72835
-12293.47388
-12315.80945
-12304.32373
-12267.85762
-12274.92741
-12267.10625
-12299.09700
-12324.74189
-12287.12907
-12299.68809
-12354.45321
-12277.99277
-12293.56326
-12389.56270
-12367.53241
-12379.19634
-12298.62286
-12284.15204
-12308.25840
-12331.00514
-12272.61162
-12197.63111
-12266.94979
-12234.01126
-12250.13419
-12244.42779
-12189.56302
-12225.90528
-12318.03115
-12252.60777
-12236.76594
-12286.91681
-12253.12607
-12278.47037
-12346.89641
-12293.03799
-12219.66278
-12197.29438
-12260.13329
-12226.65771
-12246.88192
-12309.04921
-12251.97245
-12232.04081
-12261.02923
-12291.62586
-12257.37850
-12296.41961
-12353.15242
-12297.81134
-12359.25465
-12252.45050
-12178.24948
-12316.88392
-12266.35143
-12300.80261
-12294.77343
-12287.11162
-12267.73590
-12216.27559
-12232.14387
-12305.76247
-12332.71833
-12268.81396
-12239.33219
-12235.78418
-12257.12673
-12309.76112
-12284.49248
-12305.82223
-12283.76747
-12235.51290
-12225.91592
-12307.44170
-12254.20312
-12275.48791
-12232.69671
-12281.82079
-12299.92985
-12300.45248
-12266.29541
-12303.76451
-12327.16982
-12347.81006
-12355.93126
-12334.86542
-12208.50476
-12216.76647
-12192.68550
-12282.50832
-12308.76901
-12276.71251
-12276.70278
-12273.63420
-12291.61731
-12279.86162
-12288.74580
-12215.62215
-12256.14277
-12252.33993
-12262.17473
-12264.98082
-12242.89308
-12338.28575
-12392.38830
-12324.42762
-12323.82547
-12312.10236
-12301.22882
-12242.53006
-12228.70663
-12266.93428
-12238.50973
-12308.39877
-12339.93758
-12363.68095
-12296.26656
-12259.28392
-12229.02325
-12267.81141
-12196.48072
-12261.82153
-12311.90405
-12271.11900
-12246.02506
-12289.43149
-12221.07892
-12245.01485
-12195.99997
-12255.90300
-12239.66348
-12338.23591
-12325.92905
-12307.24719
-12229.04777
-12304.24287
-12261.13186
-12337.44029
-12237.33553
-12294.56499
-12345.58347
-12315.08094
-12316.25852
-12310.78213
-12356.90221
-12402.00579
-12366.02457
-12356.21093
-12337.88372
-12349.23044
-12302.81980
-12304.87707
-12261.04137
-12267.50352
-12283.91706
-12338.05322
-12249.20043
-12201.04547
-12254.41605
-12224.43566
-12262.47079
-12293.12723
-12262.60784
-12284.43300
-12291.70008
-12322.07291
-12305.69369
-12260.95308
-12293.27803
-12339.56092
-12312.43441
-12292.33689
-12272.61570
-12288.41957
-12309.87648
-12241.15755
-12271.83894
-12365.70401
-12339.47576
-12340.25220
-12343.31561
-12298.53693
-12266.15935
-12231.03944
-12345.46730
-12380.65243
-12391.98112
-12377.19992
-12339.26914
-12292.66297
-12250.34700
-12279.35738
-12205.01063
-12255.40757
-12230.70256
-12294.18656
-12260.62694
-12194.63503
-12315.16891
-12340.52966
-12382.36429
-12332.08612
-12339.02917
-12358.53611
-12398.18937
-12339.97432
-12241.48250
-12279.98914
-12271.31698
-12271.61686
-12270.33106
-12282.21165
-12354.57954
-12279.91006
-12259.82075
-12249.51364
-12210.13625
-12264.60466
-12212.62947
-12241.81221
-12289.63611
-12327.76723
-12324.09457
-12306.61154
-12332.27559
-12252.55623
-12281.53025
-12298.67974
-12334.33476
-12295.33325
-12352.27167
-12270.11179
-12252.38813
-12339.82043
-12402.98216
-12238.73214
-12273.47020
-12377.60162
-12327.48970
-12300.16920
-12342.68286
-12327.64705
-12354.28679
-12371.83233
-12302.40845
-12330.23580
-12326.93491
-12301.67776
-12328.50390
-12253.45077
-12259.44114
-12334.60046
-12338.87908
-12324.57516
-12309.58297
-12305.11054
-12271.14191
-12301.98128
-12292.34741
-12227.85666
-12256.40785
-12174.36745
-12261.45725
-12239.98584
-12266.22253
-12225.44398
-12279.23989
-12330.73375
-12328.95366
-12292.81316
-12287.34669
-12285.58815
-12262.76207
-12243.38379
-12285.70453
-12248.69734
-12305.72664
-12262.48572
-12229.19819
-12345.80351
-12254.30128
-12255.07600
-12319.01183
-12335.83614
-12326.45953
-12354.79404
-12290.24744
-12240.41343
-12244.89712
-12296.75594
-12327.60896
-12297.34682
-12307.59746
-12338.08807
-12281.03968
-12276.55509
-12341.45741
-12273.61467
-12300.64006
-12291.18827
-12293.20095
-12319.37404
-12263.74465
-12318.22388
-12263.34431
-12215.71844
-12218.98262
-12304.12875
-12243.69910
-12226.01264
-12258.01996
-12215.40907
-12236.79910
-12240.74577
-12199.01169
-12190.29072
-12190.02694
-12169.14978
-12297.41409
-12233.30410
-12269.78818
-12327.35379
-12279.39044
-12245.13665
-12325.02044
-12307.79065
-12365.30612
-12281.39281
-12280.46004
-12312.20114
-12265.85800
-12254.13304
-12234.84346
-12245.66464
-12267.67307
-12225.90867
-12176.00530
-12248.44753
-12301.55340
-12228.21179
-12214.94946
-12208.16172
-12160.87241
-12211.81534
-12230.62930
-12224.08747
-12209.52448
-12184.58194
-12205.29515
-12233.04744
-12327.68464
-12308.36126
-12254.76791
-12278.00028
-12276.48795
-12254.00672
-12248.30099
-12245.01142
-12228.29452
-12268.40525
-12257.95418
-12264.28313
-12248.12468
-12355.96668
-12267.37116
-12266.84096
-12353.37376
-12309.67298
-12325.16749
-12324.38584
-12416.00872
-12390.01334
-12362.05194
-12311.54105
-12338.60446
-12385.93812
-12350.81783
-12323.08164
-12364.45981
-12325.98452
-12306.00505
-12305.72530
-12323.60066
-12343.82252
-12312.64694
-12262.52715
-12308.25514
-12215.38421
-12247.40839
-12302.83199
-12296.82753
-12329.11615
-12290.09168
-12253.35504
-12307.00453
-12333.62567
-12266.05904
-12333.76431
-12317.07973
-12343.45718
-12277.77605
-12331.49271
-12305.86132
-12356.39290
-12313.54042
-12383.07053
-12323.23073
-12285.52803
-12329.07505
-12321.51770
-12346.96029
-12361.84449
-12348.96403
-12297.06154
-12327.17810
-12344.60943
-12309.84890
-12364.21100
-12360.68349
-12420.51513
-12328.67133
-12314.56485
-12385.06114
-12332.47529
-12311.21211
-12304.00983
-12324.65343
-12371.36609
-12344.50602
-12301.87423
-12295.69848
-12330.09006
-12285.44208
-12299.10398
-12299.55861
-12363.49154
-12343.64790
-12374.55893
-12416.20631
-12355.12218
-12261.16352
-12287.65262
-12301.61693
-12257.36585
-12200.49440
-12298.45451
-12216.38354
-12259.25083
-12282.36035
-12300.48946
-12342.34640
-12267.96309
-12284.68241
-12315.24217
-12307.69518
-12265.50800
-12284.33463
-12323.92455
-12315.24503
-12283.90004
-12284.41837
-12307.99829
-12317.78863
-12278.43822
-12273.07312
-12242.26917
-12274.51731
-12310.67126
-12284.30586
-12370.49244
-12240.59735
-12270.99486
-12279.95790
-12264.10806
-12243.69120
-12280.70919
-12288.29070
-12222.87019
-12278.10136
-12293.35421
-12350.20412
-12307.42284
-12331.47924
-12373.63788
-12318.27466
-12351.41453
-12288.74735
-12297.34566
-12293.47856
-12261.32615
-12334.13911
-12331.86949
-12299.83964
-12338.42260
-12267.37101
-12340.70685
-12285.84273
-12294.83744
-12295.36433
-12256.58717
-12318.26735
-12227.50913
-12259.37922
-12251.92089
-12265.97688
-12201.39190
-12246.38659
-12261.97291
-12277.71873
-12231.99497
-12316.03541
-12279.33219
-12308.70231
-12322.60221
-12336.72478
-12333.29106
-12293.58579
-12256.21602
-12318.63700
-12265.06006
-12309.85518
-12232.11762
-12195.78409
-12263.05599
-12253.88076
-12317.54096
-12252.58596
-12319.31929
-12311.35492
-12283.39395
-12291.71475
-12333.98212
-12342.24432
-12306.94000
-12288.70798
-12304.82004
-12280.39801
-12308.71502
-12236.86142
-12231.30247
-12289.21430
-12297.09235
-12283.21509
-12221.03604
-12201.00016
-12211.73595
-12150.01746
-12149.70405
-12172.88085
-12228.41729
-12161.56282
-12183.28552
-12203.69528
-12238.12052
-12264.24550
-12295.41466
-12331.67258
-12288.90463
-12225.72176
-12241.25101
-12257.98178
-12289.46263
-12280.24062
-12256.51186
-12235.74356
-12293.77004
-12374.68718
-12322.44381
-12342.32024
-12262.73519
-12330.95538
-12323.61320
-12277.90230
-12328.15871
-12273.98638
-12246.73930
-12238.91799
-12228.97598
-12333.08345
-12302.01491
-12267.03982
-12278.99830
-12294.60907
-12332.37494
-12326.32671
-12276.00381
-12185.67779
-12235.92778
-12277.52502
-12199.33603
-12254.60425
-12240.02017
-12201.88064
-12262.39367
-12277.11900
-12175.66876
-12164.18019
-12183.67236
-12174.26756
-12229.88723
-12298.86396
-12285.11601
-12279.99250
-12222.67289
-12161.10413
-12244.85531
-12292.94046
-12289.38256
-12258.49028
-12270.13723
-12311.37867
-12333.18320
-12329.76175
-12291.89588
-12355.22885
-12316.84725
-12268.08994
-12294.74054
-12261.56877
-12275.76511
-12240.46376
-12196.87342
-12257.33787
-12260.54813
-12236.93374
-12272.74317
-12228.31084
-12260.95870
-12317.41760
-12286.90693
-12275.18502
-12275.63204
-12290.83707
-12264.29650
-12281.48258
-12220.15972
-12243.89474
-12255.22210
-12230.34622
-12211.63955
-12270.02032
-12268.42853
-12254.05078
-12215.07504
-12216.11185
-12258.11254
-12192.01256
-12169.72251
-12192.37958
-12229.01255
-12216.12833
-12278.28544
-12256.36203
-12292.33269
-12297.37968
-12258.78197
-12234.13325
-12220.72670
-12263.40442
-12181.31734
-12211.02786
-12254.38796
-12298.27947
-12260.56862
-12297.64592
-12265.00750
-12232.57180
-12202.76525
-12256.15253
-12286.44103
-12273.06663
-12337.98931
-12297.27568
-12250.28357
-12177.09814
-12253.40395
-12262.71504
-12227.13757
-12237.49676
-12235.63615
-12236.73127
-12241.78788
-12244.91604
-12297.60567
-12265.00748
-12277.43023
-12288.32346
-12241.08873
-12215.43911
-12253.15709
-12285.81673
-12333.02948
-12370.37771
-12245.15553
-12271.92390
-12303.50780
-12271.78636
-12264.40120
-12222.09967
-12241.58496
-12218.67267
-12292.81646
-12232.19072
-12220.12182
-12275.14499
-12310.44163
-12258.50953
-12299.43444
-12281.89699
-12283.95437
-12250.63105
-12294.46930
-12240.92249
-12264.89467
-12235.71312
-12275.65308
-12274.31526
-12287.67590
-12315.69328
-12325.18276
-12361.88943
-12267.66107
-12252.24854
-12214.41592
-12304.40991
-12299.29620
-12250.64010
-12266.44383
-12392.28425
-12317.55063
-12251.13548
-12222.92459
-12249.10428
-12288.94290
-12313.06307
-12307.97705
-12353.60670
-12380.49525
-12361.27294
-12344.95218
-12382.37576
-12377.25313
-12315.62055
-12332.22214
-12327.46867
-12370.80480
-12365.17092
-12351.44758
-12325.18182
-12311.70354
-12267.52186
-12278.20726
-12289.17559
-12181.12386
-12293.99103
-12217.61809
-12270.35867
-12251.89402
-12335.36193
-12313.35162
-12330.43001
-12316.26128
-12297.20974
-12267.91044
-12269.69855
-12312.08852
-12391.10990
-12395.02660
-12377.29261
-12351.58940
-12308.48944
-12313.52194
-12262.02783
-12248.42673
-12265.37232
-12257.28867
-12235.57553
-12278.12947
-12366.09903
-12350.42071
-12290.87559
-12366.09103
-12393.01252
-12387.52877
-12300.88697
-12319.32627
-12347.27681
-12368.78312
-12361.85835
-12304.26907
-12305.11006
-12296.28917
-12297.91797
-12288.76645
-12353.29732
-12304.01932
-12284.61326
-12222.99761
-12236.16646
-12272.03458
-12205.17370
-12250.15966
-12282.23685
-12248.17391
-12192.85502
-12200.48553
-12179.23512
-12176.21766
-12173.96705
-12190.58447
-12218.89698
-12247.56403
-12258.32789
-12266.91264
-12248.82232
-12266.76459
-12257.00820
-12243.05603
-12321.05487
-12382.53982
-12321.47058
-12317.65785
-12244.44256
-12293.13240
-12261.21980
-12187.14105
-12212.82366
-12200.67740
-12227.01254
-12283.79638
-12219.30411
-12212.57913
-12331.04932
-12315.35629
-12292.40272
-12228.49983
-12151.99837
-12178.56571
-12233.29113
-12230.44014
-12288.70747
-12246.62690
-12248.97302
-12186.95407
-12199.93059
-12265.78935
-12241.22380
-12239.15587
-12258.97335
-12311.08271
-12269.84568
-12329.95483
-12322.73460
-12291.46263
-12225.92217
-12264.11219
-12242.34614
-12275.80787
-12278.22710
-12233.66065
-12207.47280
-12162.20845
-12195.99590
-12162.10856
-12214.91603
-12254.72097
-12253.67191
-12273.30699
-12298.07556
-12319.70943
-12285.70977
-12280.46886
-12298.73269
-12220.04719
-12226.08140
-12257.57402
-12191.16553
-12181.20445
-12210.55712
-12224.28316
-12197.67666
-12168.53316
-12203.92057
-12235.78528
-12289.41964
-12338.66928
-12367.34704
-12340.49233
-12375.54805
-12372.01635
-12245.82141
-12325.46737
-12247.87748
-12337.35622
-12311.68912
-12316.79064
-12352.12467
-12296.17144
-12287.93382
-12292.05169
-12325.41697
-12251.57613
-12258.21400
-12359.07553
-12375.49870
-12376.25501
-12377.40412
-12326.81245
-12324.58653
-12373.05340
-12362.36982
-12366.46085
-12371.12087
-12332.68397
-12331.12691
-12297.04739
-12307.95295
-12329.90090
-12285.70189
-12230.12508
-12234.65568
-12209.99753
-12219.16866
-12250.61428
-12328.34151
-12300.61383
-12310.73214
-12290.52891
-12269.11548
-12248.69846
-12250.62969
-12249.71757
-12276.81024
-12214.82114
-12203.07563
-12241.57160
-12308.28524
-12281.76724
-12200.93583
-12209.27126
-12217.98685
-12219.05502
-12207.83570
-12209.64371
-12244.58383
-12189.67424
-12220.68321
-12156.46929
-12126.00268
-12152.39638
-12234.26255
-12229.41897
-12226.57165
-12192.21872
-12251.75899
-12249.44594
-12343.20298
-12256.33640
-12230.87636
-12219.02036
-12257.84223
-12263.13267
-12271.04593
-12303.85580
-12324.08543
-12248.98098
-12228.90644
-12315.19968
-12351.07673
-12331.68213
-12327.11144
-12290.43894
-12278.31981
-12281.96828
-12305.95696
-12267.99411
-12281.12135
-12240.23749
-12301.35470
-12304.20114
-12232.65416
-12300.47640
-12346.27364
-12254.02823
-12251.94234
-12246.04337
-12305.15712
-12307.32155
-12247.24540
-12250.14364
-12296.91434
-12340.73304
-12314.72033
-12300.00756
-12315.29239
-12346.57024
-12269.81038
-12373.36472
-12304.72992
-12274.80999
-12268.43160
-12232.84285
-12286.07376
-12363.64330
-12362.81254
-12328.83891
-12363.65889
-12346.48992
-12359.31191
-12280.66681
-12288.50900
-12283.81288
-12309.74260
-12258.48786
-12271.17905
-12252.16035
-12238.54979
-12248.13403
-12295.30271
-12356.98139
-12294.38784
-12317.81529
-12285.47708
-12277.19038
-12339.46450
-12278.53497
-12300.20010
-12342.52887
-12280.01969
-12258.93570
-12266.46932
-12218.54942
-12272.60681
-12201.07679
-12164.13612
-12231.81168
-12174.83650
-12234.89628
-12156.15545
-12166.68428
-12191.23675
-12225.44502
-12273.57298
-12275.49205
-12194.09357
-12247.17428
-12233.23083
-12324.55955
-12392.48550
-12305.96478
-12347.58460
-12345.03627
-12322.66305
-12321.51249
-12352.10274
-12316.13282
-12263.20606
-12268.61348
-12253.42204
-12219.99494
-12230.39826
-12267.57496
-12254.06690
-12246.69490
-12286.12423
-12258.06133
-12242.08062
-12255.16594
-12246.40065
-12198.31971
-12227.52600
-12192.75153
-12179.40827
-12240.53728
-12239.63236
-12284.06135
-12292.53105
-12259.74785
-12230.84061
-12243.17736
-12242.41609
-12289.30407
-12256.47295
-12219.13657
-12291.65511
-12263.08155
-12270.66381
-12289.21142
-12316.14871
-12319.44941
-12313.58005
-12333.30774
-12396.18845
-12354.76927
-12319.06509
-12324.93712
-12289.97525
-12266.29056
-12277.16242
-12263.49854
-12318.42455
-12321.55530
-12323.50717
-12343.68581
-12300.92332
-12257.58767
-12216.59907
-12253.85910
-12228.50219
-12276.82981
-12285.56367
-12258.13443
-12268.44453
-12313.30195
-12361.63965
-12371.07351
-12315.51935
-12292.38493
-12306.28292
-12307.64060
-12309.79839
-12302.62142
-12345.83950
-12262.60721
-12249.70880
-12307.82442
-12257.06929
-12277.12375
-12295.90572
-12263.65023
-12270.52686
-12247.41544
-12241.50398
-12326.79448
-12276.77864
-12315.54795
-12349.46145
-12342.15098
-12372.89006
-12429.52469
-12331.82010
-12292.11641
-12253.85031
-12227.27496
-12202.39041
-12195.56680
-12255.83410
-12283.62489
-12310.04960
-12299.42358
-12295.62117
-12398.51835
-12342.72680
-12413.76216
-12272.60758
-12206.33492
-12311.00487
-12310.85652
-12235.61078
-12237.02232
-12207.67889
-12205.11522
-12185.13424
-12221.05765
-12168.09747
-12225.29684
-12280.46741
