0.99630
0.99643
0.99643
0.98970
0.98970
0.98909
0.99424
0.99031
0.98831
0.98688
0.98688
0.99299
0.99299
0.98824
0.99037
0.99037
0.98994
0.99033
0.99033
0.99396
0.98979
0.99500
0.99500
0.98969
0.98969
0.99726
0.99802
0.99748
0.99748
0.99636
0.99419
0.99512
0.99512
0.99050
0.99469
0.99512
0.99141
0.99074
0.99074
0.98971
0.98971
0.98971
0.98971
0.98735
0.99676
0.99161
0.99303
0.99721
0.99685
0.99992
0.99992
0.99799
0.99799
0.99458
0.99458
0.99736
0.99777
0.99777
0.99777
0.99777
0.99777
0.99777
0.99777
0.99785
0.99566
0.99566
0.99614
0.99757
0.99643
1.00118
1.00118
1.00118
0.99868
0.99331
0.99529
1.00100
1.00100
0.99301
0.99301
0.99301
0.99978
1.00088
1.00365
1.00544
1.00321
0.99702
1.00251
1.00512
0.99813
0.99730
0.99927
0.99518
0.99518
1.00625
1.00475
1.00537
1.00209
1.00343
1.00343
1.00343
1.00397
1.00213
0.99957
0.99957
0.99906
0.99906
1.00021
0.99250
0.99534
0.99601
0.99801
0.99561
0.99691
0.99662
1.00234
1.00190
1.00521
0.99922
0.99623
1.00107
1.00107
0.99997
0.99997
1.00395
0.99435
0.99736
0.99736
0.99657
0.99657
1.00179
1.00450
1.00968
1.00968
1.00592
1.00070
1.00259
1.00216
1.00515
1.00515
1.00618
1.00623
1.00957
1.00957
1.00510
1.01237
1.00375
1.00104
1.00104
0.99335
0.99430
0.98991
0.98549
0.99202
1.00322
0.99685
0.99702
0.99644
0.99644
0.99745
0.99726
0.99726
0.99869
1.00318
0.99840
1.01387
1.01387
1.01775
1.01330
1.01350
1.01744
1.01744
1.00933
1.01058
1.00194
1.00510
1.00442
1.00442
0.99867
1.00083
0.99783
1.00394
1.00047
0.99943
1.00363
1.00851
1.00344
1.00344
1.00283
0.99834
0.99834
0.99834
1.00363
1.00163
0.99699
0.99699
0.99221
0.99802
0.99706
0.99300
1.00004
1.00004
1.00542
1.01063
1.01553
1.01436
1.00869
1.00852
0.99905
0.99905
1.00459
1.00139
1.00467
1.00015
0.99977
1.00434
1.00997
1.00912
1.00093
0.99816
0.99896
0.99657
0.99657
1.00093
1.00006
1.00101
1.00622
0.99888
0.99718
1.00438
1.01049
1.01104
1.01111
1.00816
1.00816
1.00839
1.01249
1.00479
1.00698
1.00115
0.99598
1.00289
1.00374
1.00447
1.00447
1.00447
1.00274
1.00882
1.00501
0.99855
0.99189
0.99760
0.99802
0.99855
1.00037
1.00233
1.00677
1.00677
1.00766
1.00329
1.00248
1.00331
1.00839
1.00839
1.01030
1.01030
1.00687
1.00687
1.01032
1.00846
0.99895
0.99895
0.99678
1.00069
1.00069
0.99415
0.99119
0.99471
0.99746
0.99746
0.99666
0.99666
1.00028
1.00028
0.99802
0.99937
0.99479
0.99647
0.99627
0.99341
0.99820
0.99820
0.99820
0.99820
0.98915
0.99773
1.00257
0.99502
0.98936
0.98936
0.99872
0.99719
0.99719
0.99719
1.00024
1.00411
1.00130
1.00285
0.99434
1.00201
1.00395
1.00117
1.00496
1.00496
1.00496
1.00437
1.00185
1.00180
1.00158
0.99679
0.99009
0.99009
0.99009
0.98613
0.98696
0.98776
0.99208
0.99209
0.99548
0.99592
1.00148
1.00148
0.99822
0.98990
0.99197
0.99197
0.99869
1.00187
1.00248
1.00114
1.00114
0.99602
0.98750
0.99141
0.99141
0.99106
0.98673
0.98673
0.98673
0.98673
0.98744
0.98865
0.98090
0.98219
0.98445
0.98445
0.98659
1.00067
1.00067
1.00326
1.00314
0.99729
0.99729
1.00285
1.00473
1.00473
0.99477
0.99477
0.99617
0.99915
0.99997
0.99068
0.98863
0.98863
0.98582
0.97991
0.98259
0.98958
0.99054
0.99262
0.99263
0.99650
1.00051
1.00366
1.00365
0.99888
0.99888
0.99567
0.99337
0.99320
0.98702
0.98489
0.99074
0.99388
0.99606
0.99479
0.99561
0.99624
0.99456
0.99609
1.00221
0.99400
0.99400
0.99538
1.00125
0.99138
1.00918
1.00686
1.00940
1.00940
1.00290
1.00291
1.00438
1.00857
1.01274
1.01464
1.01464
1.00981
1.00675
1.00675
1.00822
1.00268
0.99527
0.99523
1.00221
1.00239
1.00125
0.99485
1.00046
1.00422
1.00092
1.00319
0.99411
0.99828
1.00145
0.99999
1.00013
0.99647
0.99974
0.99565
0.99562
0.99468
0.99759
1.00016
0.99721
0.99721
0.99669
0.99717
0.99871
0.99589
0.99700
0.99524
0.99490
0.99490
0.99144
0.99154
0.99609
0.99951
1.00217
1.00357
1.00523
1.00523
1.00437
1.00229
1.00019
1.00019
1.00742
1.00742
1.00742
1.01294
1.00349
1.00466
1.00102
1.00094
1.00004
0.99751
0.99272
0.99617
0.99597
1.00438
0.99846
1.00015
1.00935
0.99642
0.99642
1.00128
1.00128
1.00308
0.99441
0.99951
0.99791
0.99791
0.98937
0.99504
0.99389
0.99389
0.99167
0.98858
0.98898
0.98898
0.99059
0.99527
0.99527
0.98920
0.99755
0.99184
0.99184
0.99415
0.99543
0.99823
0.99594
0.99168
0.99534
0.99534
0.99142
0.99301
0.99883
0.99499
0.99459
0.99542
0.99400
0.99400
1.00166
1.00672
0.99906
0.99906
0.99222
0.99222
1.00259
1.00259
1.00295
1.00258
0.98882
0.98882
0.99983
1.00098
1.00791
1.00032
1.00466
1.00114
1.00104
1.00257
0.99447
0.99447
0.99447
0.99570
0.99233
0.99233
0.99372
0.99451
0.99649
0.99814
0.99814
0.99356
0.99659
0.99552
0.99351
1.00080
1.00080
1.00232
1.00325
1.00132
1.00470
1.00332
1.00509
0.99880
0.99690
0.99963
0.99963
0.99963
0.99466
0.99466
0.98491
0.99200
0.99563
1.00174
0.99550
0.99278
0.99795
1.00513
1.00573
1.00573
1.00897
1.00897
1.00589
1.00393
0.99605
0.99959
1.00104
1.00104
0.99933
0.99732
0.99732
0.99653
0.99971
0.99805
0.99932
0.99985
0.99218
0.99798
1.00118
0.99990
0.99916
0.99747
0.99705
0.99705
0.99568
0.99755
0.99906
0.99531
1.00430
1.00351
1.00522
0.99856
0.99872
0.99872
0.99872
0.99872
0.99855
0.99855
1.00177
1.00177
1.00177
0.99808
0.99808
0.99808
0.99725
0.98764
0.99513
0.98899
0.98899
0.99032
0.99103
0.99680
1.00262
1.00262
0.99921
0.99921
0.98556
0.98556
0.98792
0.99641
0.99160
0.99669
1.00003
1.00056
0.99821
0.98869
0.98869
0.98756
0.99185
0.99731
0.99449
0.99218
1.00083
1.00083
1.00083
0.99728
0.99387
0.99968
0.99665
0.99665
0.99665
0.99086
0.99890
1.00211
1.00329
0.99892
0.99443
0.99801
0.98661
0.98905
0.99822
0.99822
0.99822
0.99822
1.00056
0.99647
0.99113
0.99593
0.99320
0.99320
0.99833
0.99833
0.99384
0.99178
0.98607
0.98607
0.99168
0.99092
0.98954
0.99475
1.00003
1.00003
0.99386
0.97779
0.97582
0.98419
0.98419
0.98326
0.98891
0.98891
1.00171
0.99997
0.99949
0.99949
0.99733
0.99733
0.99733
0.99878
0.99878
1.00064
1.00064
1.00067
1.00067
1.00052
1.00002
0.99703
1.00009
1.00103
1.00721
1.00728
1.00547
1.00658
1.00958
1.00958
1.00958
1.00849
1.00210
1.00313
0.99889
1.00085
1.00085
0.99758
0.99339
0.99199
0.98677
0.98706
0.98706
0.98478
0.97736
0.97831
0.97529
0.97529
0.98626
0.98786
0.99581
0.99565
1.00008
1.00008
1.00717
1.00706
1.01396
1.00828
0.99775
0.99775
0.99775
0.99489
0.99489
0.99489
0.99489
0.99170
0.99082
0.99311
0.99479
0.99479
0.98706
0.99315
0.99796
0.99796
0.99287
0.99287
0.98585
0.98585
0.98601
0.99037
0.98771
0.98418
0.98418
0.98270
0.97577
0.97398
0.97484
0.97484
0.97484
0.97484
0.98172
0.98105
0.98285
0.98906
0.98352
0.99504
0.99504
0.99504
1.00295
1.00295
1.00295
0.99928
0.99928
0.99928
0.99912
0.99912
1.00306
1.00306
0.99728
0.99796
0.99425
0.99183
0.99183
0.99183
0.98921
0.98671
0.99558
0.99595
0.99592
1.00021
1.00145
0.99597
0.99597
0.99597
0.99358
0.98679
0.98329
0.98618
0.98735
0.99075
0.99536
0.99536
0.99485
0.99579
1.00231
1.00033
0.99901
0.99974
1.00064
1.00064
1.00342
1.00313
1.00299
1.00299
1.00005
0.99927
0.99956
1.00143
1.00187
1.00285
1.00505
1.00505
0.99754
1.00543
1.00338
1.00346
0.99620
0.99662
0.99365
0.99365
0.98995
0.99126
0.98371
0.98226
0.98218
0.98199
0.98199
0.97961
0.98416
0.98628
0.99467
0.99467
0.99002
0.99002
0.99054
0.99054
0.98731
0.98731
0.98730
0.98973
0.98509
0.98604
0.98737
0.98573
0.98573
0.98573
0.98234
0.98574
0.99260
0.99596
0.99938
1.00324
1.00324
1.00324
1.00836
1.00836
1.00601
1.01077
1.01492
1.01492
1.02020
1.01528
1.01310
1.01707
1.01768
1.01489
1.01006
1.00334
1.00939
1.00939
1.00699
1.00650
1.00403
1.00403
1.00125
1.00125
1.00792
1.00803
0.99878
1.01233
1.00123
1.00123
1.00383
1.00383
0.99822
0.99822
1.00094
1.00094
1.00061
1.00153
0.99814
0.99814
0.99814
0.99879
0.99879
0.99183
0.98686
0.99363
0.99665
0.99665
0.99621
1.00008
1.01001
1.00815
1.00024
1.00385
0.99671
0.99671
0.99490
0.99810
0.99377
0.99377
0.99164
0.99449
0.99287
0.99287
0.99287
0.99567
0.99905
0.99905
0.99767
0.99266
0.98801
0.98801
0.98833
0.99555
0.99780
0.99780
0.99228
0.98850
0.98849
0.99364
0.99637
1.00208
1.00313
0.99370
0.98769
0.99036
1.00456
0.98782
0.99461
0.99461
0.99604
0.99604
0.99604
0.99512
0.99530
0.98843
0.99329
0.99133
0.99127
0.99074
0.99142
0.99027
0.99027
0.99027
0.99426
0.99426
0.99733
0.99798
1.00599
1.00599
0.99713
1.00514
1.00146
1.00231
1.00231
1.00231
0.99916
0.99862
0.99440
0.99440
0.99507
1.01209
0.99756
0.98905
0.98905
0.99050
0.99050
0.99420
0.98502
0.98502
0.97463
0.98299
0.97868
0.98381
0.98785
0.98785
0.99009
0.99446
0.98809
0.98809
0.99488
0.99569
1.00091
1.00254
1.00753
1.00753
0.99966
1.00384
1.00384
1.00536
1.00459
1.00620
1.00133
1.00133
0.99990
1.00076
0.99655
0.99578
0.99578
1.00221
0.99803
1.00428
0.99820
1.00266
1.00056
0.99664
0.99089
0.99177
0.99502
0.99502
0.99826
0.99404
0.98578
0.98892
0.98892
0.98847
0.99613
1.00426
0.99998
1.00452
1.00187
1.00193
0.99329
0.99329
0.99785
0.99344
1.00096
1.00203
1.00687
1.00687
1.00687
1.00967
1.00616
1.00101
1.00292
1.00456
0.99680
0.99600
0.99600
1.00154
1.00280
1.00152
1.00937
1.00937
1.01042
1.00753
1.00686
1.00147
0.99705
0.99983
1.00145
1.00145
1.00274
1.00061
1.00084
0.99813
0.99714
0.99655
0.99347
1.00487
1.00271
1.00167
1.00222
0.99421
0.99665
1.00259
1.00241
1.00976
1.00498
0.99935
0.99296
0.99296
1.00171
1.00171
1.00171
1.00171
0.99540
0.99540
0.99540
0.99353
0.98556
0.98914
0.99804
0.99907
0.99920
0.99294
0.99294
0.99209
0.99297
0.99297
0.98919
0.99186
0.99632
0.99632
0.99813
0.99846
1.00267
1.00712
1.00712
1.00584
0.99987
1.00146
1.00858
1.00858
0.99875
1.00500
1.00497
1.00497
1.00384
1.00363
1.00985
1.00985
1.00641
1.00252
0.99846
0.99846
1.00333
1.00433
1.00466
0.99807
0.99782
1.00056
1.00435
0.99963
0.99963
1.00247
0.99627
0.99627
0.99366
0.99366
0.99248
0.99216
0.99951
1.00739
1.00276
1.00653
1.01077
1.01077
1.00181
0.99774
1.00311
1.00311
1.00533
1.00308
1.00891
1.00708
1.00216
1.00982
1.00982
1.01245
1.01002
1.00574
1.00440
1.00898
1.01072
1.01215
1.01421
1.00882
1.00004
0.99411
0.99799
0.99908
1.00290
1.00055
0.99924
0.99924
0.99568
0.99377
1.00056
1.00040
0.99098
0.99546
0.99655
1.00651
0.99938
1.00362
0.99956
0.99956
1.00018
1.00018
0.99717
1.00456
1.00089
1.00329
0.99884
0.99895
1.00155
1.00482
1.00482
1.00482
1.00093
1.00464
1.00454
1.00217
0.99426
1.01072
1.00196
0.99569
0.99744
0.99744
0.99744
0.99744
1.00605
1.01269
1.00983
1.00827
1.01520
1.01520
1.00521
1.00521
1.00521
1.00352
0.99811
0.99811
0.98906
0.99010
0.99228
0.99299
0.99316
0.99316
0.99895
0.99360
0.99629
0.99629
0.99866
0.99524
0.99579
0.99587
0.99805
1.00148
0.99748
0.99477
0.98527
0.98654
0.98867
0.98867
0.98315
0.98419
0.98776
0.98776
0.98848
0.98298
0.98639
0.98984
0.98806
0.99094
0.98418
0.98244
0.98751
0.98348
0.98324
0.98324
0.97513
0.97420
0.98032
0.98198
0.99008
0.99298
1.00008
1.00008
1.00052
1.00337
1.01329
1.01145
1.00757
1.00985
1.00485
1.00243
0.99478
0.99605
0.99125
0.98642
0.98855
0.98855
0.99443
0.99443
0.99415
0.99926
0.99926
0.98997
0.98997
0.99234
0.98851
0.98312
0.98450
0.99259
0.99196
0.99240
0.99224
0.98870
0.98552
0.98391
0.98434
0.98434
0.98040
0.98105
0.98105
0.98915
0.98915
0.98915
0.98915
0.98881
0.98881
0.98881
0.98938
0.99220
1.00431
1.00582
0.99940
0.99492
0.99675
0.99675
0.99705
0.99811
0.99592
0.98658
0.99608
0.99608
0.98819
0.98938
0.99308
0.99308
0.99554
0.99297
0.99816
0.99816
0.99816
0.99927
0.99175
0.99175
0.99773
1.00432
1.01365
1.00657
0.99661
0.99701
0.99701
0.99701
0.99567
0.99843
1.00157
1.00157
1.00178
0.99361
0.99423
1.00111
1.00111
0.99852
0.99357
0.99357
0.98669
0.99167
0.99582
0.99602
0.99244
0.99244
0.99326
0.99171
0.99516
0.99833
1.00384
0.99779
0.99779
1.00025
0.99794
0.99726
0.99723
0.99723
0.99983
0.99983
0.99815
0.99941
1.00306
1.00306
1.00115
1.00168
0.99497
0.99580
0.99544
0.99849
1.00049
1.00049
1.00511
1.00820
1.00386
1.00386
0.99754
0.99697
0.99697
0.99697
0.99718
0.99718
0.99187
0.99854
0.99141
0.98982
0.99297
0.99297
0.99109
0.99109
0.99519
0.99519
1.00376
0.99871
1.00064
1.00156
0.99371
0.99371
0.99456
0.99505
0.99505
0.99505
0.99118
0.99118
0.98511
0.98587
0.98587
0.98587
0.98587
0.98587
0.98587
0.99125
0.98216
0.98228
0.99259
0.99259
0.99259
0.99195
0.99195
0.99574
0.99114
0.99821
0.99531
0.99376
0.99298
0.99298
0.99302
0.99865
1.00685
1.00533
1.00855
1.00308
1.01264
1.01264
1.01632
1.01162
1.00501
1.00343
1.00188
1.00188
1.00431
1.00022
0.99605
0.99715
0.99845
0.99707
1.00396
1.00305
1.00161
0.99107
0.99107
0.99054
0.99054
0.98892
0.99029
0.99517
0.99516
1.00184
1.00197
1.00083
1.00083
1.00363
1.00848
1.00848
1.00957
1.00635
1.01639
1.01639
1.01639
1.01639
1.01406
1.01406
1.01406
1.02243
1.01108
1.00217
1.00092
1.00072
1.00072
0.99984
1.00441
1.01055
1.00883
1.01179
1.01104
1.01104
1.00734
1.00734
1.00685
1.01534
1.00710
1.00954
1.01274
1.00578
1.00035
0.99577
1.00122
0.99810
1.00142
1.00142
0.99471
1.00107
0.99458
0.99458
0.99941
0.99845
0.99499
1.00501
1.00791
1.00604
1.00067
0.99275
0.99275
0.99275
0.98790
0.98790
0.98790
0.98979
0.99293
0.99293
0.99019
0.99019
0.99019
0.98718
0.98718
0.99458
0.99722
0.99827
0.99827
0.99665
1.00445
1.01225
1.00436
1.00436
1.00454
1.00454
0.99394
0.99446
0.98556
0.98734
0.98527
0.98367
0.98476
0.99269
0.98173
0.98855
0.98855
0.98855
0.98303
0.98303
0.98303
0.98230
0.99407
0.99456
0.99551
0.99839
1.00582
1.00582
0.99826
1.00024
0.99082
0.99272
0.99116
0.99720
0.99642
0.99642
0.99144
0.99019
0.99311
0.99311
0.99494
0.99654
1.00022
0.99829
0.99752
1.00036
1.00085
1.00085
1.00085
1.00085
0.99796
1.00020
0.99239
0.98978
0.99398
0.99398
0.98620
0.98979
0.98396
0.98871
0.99114
0.98715
0.99315
0.99315
0.99315
0.99315
0.99315
0.99535
0.98767
0.98767
0.98357
0.98357
0.98357
0.98557
0.98851
0.98851
0.98872
0.99228
0.99340
0.99340
0.99340
0.98771
0.98991
0.98991
0.99233
0.99233
0.98083
0.97623
0.97658
0.98621
0.98570
0.99072
0.99165
0.99177
0.99177
0.98941
0.99036
0.98931
0.99353
1.00006
1.00006
1.00559
0.99731
0.99804
1.00019
1.00019
1.00042
0.99342
0.98483
0.98483
0.99073
0.99036
0.98806
0.98471
0.98731
0.98731
0.98302
0.98813
0.99356
0.99356
0.99237
0.99971
0.99775
0.99410
0.98848
0.98438
0.98481
0.98955
0.98955
0.99531
0.99531
0.99053
0.99428
0.99301
0.98817
0.99260
0.98440
0.98799
0.98912
0.99375
0.99375
0.99375
0.99375
0.98831
0.98565
0.98565
0.98710
0.98861
0.98861
0.99453
1.00040
1.00040
0.99806
0.99806
0.99269
0.99457
0.99757
1.00721
1.00721
1.00721
1.00511
1.00511
0.99622
1.00509
1.00461
0.99753
0.99834
1.00581
1.00220
0.99830
0.99537
0.99537
1.00037
0.99993
0.99053
0.99572
0.99672
0.99958
0.99678
1.00485
1.00405
1.00405
1.00540
0.99851
0.98930
0.98729
0.99552
0.99606
1.00201
1.00201
0.99745
0.99745
0.99399
0.99584
1.00254
0.99871
0.99390
0.99813
0.99891
0.99875
0.99603
0.99201
0.99201
0.99863
0.99727
0.99833
1.00251
1.00735
1.00656
0.99125
1.00162
1.00184
1.00019
0.99252
0.98761
0.98761
0.99453
0.99655
0.99747
0.99747
0.99770
0.99770
0.99927
0.99927
0.99202
0.99169
1.00222
1.00222
1.00759
0.99954
0.99158
0.99158
0.98933
0.98933
0.98696
0.98960
0.99843
0.99843
0.99942
0.99701
1.00204
0.99325
0.99274
0.99736
0.99808
0.99863
0.99338
0.99338
1.00054
0.99544
0.99657
0.99820
1.00349
0.99962
0.99190
0.99190
0.99190
0.99190
0.99190
0.99190
0.99801
0.99693
1.00012
1.00012
0.99588
0.99588
0.99794
0.99508
0.99865
1.01104
1.00116
1.00060
1.00060
1.00060
1.00549
1.00549
1.00581
1.00799
1.01227
1.01035
1.00589
1.00419
0.99972
0.99858
0.99858
0.99939
0.99854
1.00578
1.00578
1.00342
1.00269
1.00256
1.00000
1.00202
0.98424
0.98264
0.98697
0.99334
0.98885
0.98992
0.99727
1.00009
1.00009
1.00111
0.99821
0.99821
0.99821
0.99821
0.99555
0.98760
0.99362
0.99344
1.00209
1.00136
1.00136
0.99827
0.99724
0.99890
1.00043
0.99593
1.00138
1.00138
1.00528
1.00739
1.00930
1.00101
0.99726
0.99906
0.99860
0.99756
0.99756
0.99167
0.99109
0.99577
0.99577
1.00082
0.98892
0.99138
0.98812
0.98968
0.98968
0.99494
0.98927
0.98807
0.99299
0.99299
0.99223
0.99560
0.99061
0.99570
0.99868
0.99868
1.00086
1.00086
0.99459
0.99459
0.99703
0.99877
0.99877
0.99430
0.99593
0.99565
1.00518
1.00805
1.00455
1.00458
1.00118
1.00118
1.00101
1.00000
1.00000
1.00000
1.00340
1.00389
1.00955
1.00878
1.00118
1.00255
1.00162
1.00427
0.99858
0.99809
0.99819
0.99195
0.99243
0.99305
0.99497
0.98727
0.98064
0.98064
0.98064
0.97520
0.97448
0.98846
0.98846
0.98868
0.98525
0.98802
0.98779
0.98286
1.00288
1.00135
0.99875
0.99577
1.00682
0.99777
1.00129
1.00129
1.00123
0.99880
1.00158
1.00158
1.00016
