-12313.20320
-12300.39832
-12254.10685
-12171.43901
-12169.95373
-12230.99232
-12190.88346
-12199.54330
-12220.04260
-12268.39594
-12314.76089
-12306.00432
-12261.90806
-12257.97371
-12289.93827
-12195.77789
-12281.20286
-12338.22424
-12383.77026
-12292.25477
-12337.66604
-12252.52157
-12222.99302
-12195.67371
-12282.96021
-12329.30282
-12334.05264
-12369.87330
-12390.07820
-12295.72003
-12315.91001
-12308.49799
-12316.65258
-12218.98010
-12291.28418
-12284.37763
-12253.53175
-12258.93871
-12325.31145
-12273.43041
-12305.80209
-12295.15626
-12286.19243
-12282.68614
-12308.39551
-12264.81768
-12360.25428
-12302.16035
-12324.36566
-12230.35024
-12262.06275
-12234.98353
-12225.15415
-12228.94662
-12255.32764
-12257.85987
-12270.71287
-12241.65951
-12267.73144
-12236.39142
-12226.92060
-12192.27321
-12238.50632
-12308.85732
-12246.05512
-12266.42031
-12271.12976
-12303.11087
-12282.75365
-12281.19888
-12259.09522
-12311.45365
-12284.83934
-12285.80450
-12276.89778
-12316.89013
-12245.18716
-12185.31900
-12212.26157
-12254.17580
-12258.52758
-12207.22274
-12264.53353
-12245.21937
-12254.33334
-12223.32637
-12262.06386
-12265.66860
-12254.80599
-12304.30537
-12209.90296
-12204.57009
-12247.22785
-12248.64329
-12230.76276
-12317.59572
-12344.00382
-12259.89802
-12307.63524
-12333.26516
-12323.57624
-12289.38715
-12320.20613
-12273.27651
-12262.02289
-12302.60244
-12307.20765
-12270.02974
-12288.51865
-12335.13362
-12343.43971
-12316.79630
-12273.45380
-12268.46104
-12260.77705
-12277.48847
-12271.96416
-12257.89427
-12271.57494
-12255.84772
-12278.73176
-12240.11964
-12290.96187
-12310.50381
-12298.96565
-12284.23555
-12298.62910
-12254.59784
-12311.37337
-12254.86075
-12252.79508
-12340.47761
-12349.22732
-12286.63929
-12145.71446
-12276.02945
-12295.63634
-12304.09839
-12230.09901
-12320.24179
-12273.23029
-12305.15464
-12317.42672
-12322.65478
-12316.14501
-12311.69131
-12365.36852
-12295.75380
-12315.97056
-12316.16948
-12299.74463
-12219.86885
-12219.88478
-12219.13414
-12239.91139
-12257.29024
-12255.01634
-12179.50316
-12205.06234
-12187.24814
-12180.35689
-12195.95719
-12204.07253
-12205.34942
-12271.68468
-12339.50874
-12349.92857
-12331.07432
-12292.80511
-12222.61948
-12230.63513
-12197.37466
-12313.19103
-12259.62099
-12307.37061
-12274.18962
-12246.86343
-12298.66446
-12290.93757
-12265.27518
-12309.93837
-12363.33922
-12361.78886
-12387.59921
-12276.35552
-12267.59830
-12237.71308
-12207.17404
-12144.87856
-12188.93899
-12183.10280
-12235.63558
-12256.86664
-12211.01569
-12296.77923
-12257.97383
-12305.21936
-12312.38618
-12296.35932
-12318.17309
-12336.93481
-12382.92987
-12326.41712
-12382.84033
-12369.91174
-12355.04839
-12367.40886
-12312.44741
-12353.58899
-12353.67007
-12300.14796
-12324.87371
-12283.61828
-12242.52808
-12248.04742
-12226.87529
-12306.32629
-12264.56500
-12269.87512
-12273.20681
-12217.00361
-12218.34112
-12224.55106
-12250.22649
-12278.21153
-12303.14192
-12278.81521
-12246.38220
-12280.78009
-12255.62876
-12301.01454
-12294.13685
-12226.21417
-12272.51519
-12256.08027
-12245.26782
-12229.04624
-12271.44236
-12316.48817
-12301.68102
-12281.65891
-12296.01472
-12271.65195
-12347.07084
-12297.13518
-12282.35319
-12309.18734
-12302.06876
-12290.29836
-12236.61708
-12257.17816
-12233.96235
-12323.82795
-12308.76590
-12287.55185
-12285.04658
-12232.65632
-12270.53912
-12266.59376
-12304.40426
-12317.75779
-12327.97507
-12305.56438
-12312.90006
-12251.23710
-12259.37211
-12336.42324
-12284.60469
-12340.31272
-12276.08668
-12307.20424
-12233.85422
-12313.02821
-12383.81851
-12328.14275
-12286.82271
-12294.98574
-12313.45502
-12287.92561
-12307.51174
-12273.30240
-12269.10574
-12270.19553
-12275.00067
-12309.43503
-12279.88243
-12301.41646
-12294.86586
-12262.02622
-12298.45266
-12318.50287
-12336.65182
-12337.46389
-12310.01421
-12331.33268
-12305.85083
-12295.60394
-12267.68130
-12267.82464
-12290.01293
-12261.18096
-12304.46136
-12266.34449
-12236.00382
-12322.87337
-12277.88544
-12320.13487
-12309.22920
-12340.69802
-12319.73335
-12319.32888
-12319.59176
-12266.81133
-12240.87308
-12236.17672
-12268.42784
-12261.05260
-12293.85209
-12266.04593
-12259.65215
-12323.97946
-12256.49104
-12341.89363
-12307.74851
-12339.63944
-12364.85932
-12345.75835
-12314.94535
-12281.88074
-12314.66656
-12271.40060
-12177.66835
-12232.28937
-12105.91800
-12228.04636
-12217.01032
-12218.51554
-12198.03108
-12183.43087
-12228.59021
-12226.84246
-12251.93386
-12281.07291
-12298.26389
-12332.48489
-12338.08766
-12285.14017
-12378.00103
-12371.48733
-12299.36199
-12307.82821
-12324.29753
-12291.00012
-12286.04702
-12268.76901
-12316.71402
-12308.85391
-12317.65473
-12320.61173
-12313.37219
-12285.45986
-12299.54796
-12259.40654
-12366.13039
-12305.56222
-12258.13925
-12261.55373
-12239.94815
-12284.89506
-12273.68646
-12214.17204
-12224.09215
-12287.31115
-12255.78413
-12261.44417
-12180.50631
-12243.45995
-12221.07960
-12264.29964
-12158.42382
-12134.88447
-12231.64136
-12206.98983
-12250.10963
-12211.31445
-12283.66974
-12158.18433
-12153.26677
-12216.60498
-12264.29980
-12244.30515
-12287.95918
-12259.48372
-12308.83649
-12318.84795
-12353.74433
-12314.87206
-12308.51297
-12221.17452
-12300.98565
-12199.31736
-12293.34008
-12306.10035
-12301.35059
-12244.67050
-12332.82204
-12302.51521
-12284.50740
-12323.73895
-12248.33274
-12234.80191
-12289.16461
-12261.60056
-12187.93796
-12254.89692
-12243.38597
-12217.25957
-12232.16097
-12188.79956
-12294.78282
-12231.28683
-12205.92722
-12236.34621
-12232.78576
-12323.80255
-12288.06548
-12288.61207
-12272.13204
-12372.82490
-12341.81311
-12297.71307
-12289.16873
-12267.74553
-12186.91036
-12316.13674
-12237.91743
-12190.48167
-12240.99206
-12272.40433
-12210.55937
-12221.26634
-12230.45204
-12301.53780
-12283.43795
-12275.56071
-12277.82685
-12263.14331
-12289.15782
-12265.10076
-12258.21020
-12302.72061
-12256.67102
-12323.95030
-12215.77073
-12197.10585
-12144.48185
-12176.76300
-12292.45019
-12277.50975
-12290.15867
-12265.72056
-12225.61577
-12245.05732
-12260.97835
-12286.67532
-12274.11510
-12302.00697
-12281.81275
-12270.64708
-12264.77596
-12320.32832
-12332.33194
-12340.58835
-12337.09958
-12323.62581
-12318.50866
-12264.42495
-12288.51682
-12346.18705
-12404.83477
-12384.01984
-12379.62263
-12367.13295
-12369.67949
-12311.66771
-12285.58625
-12239.80189
-12246.88972
-12270.73304
-12270.69796
-12282.75759
-12219.16185
-12287.13016
-12249.97284
-12239.90835
-12239.38278
-12247.49821
-12214.91903
-12199.31412
-12220.89175
-12192.01655
-12289.54244
-12322.72772
-12271.32395
-12232.88730
-12222.82999
-12285.64028
-12247.00918
-12251.90522
-12220.40677
-12268.66490
-12303.07229
-12253.88678
-12255.25831
-12264.87920
-12255.39032
-12229.08159
-12288.34126
-12204.93154
-12247.84102
-12219.30722
-12282.11628
-12290.75265
-12287.71974
-12277.42180
-12226.45594
-12217.92652
-12260.16787
-12278.82001
-12337.16868
-12352.66712
-12312.93072
-12270.50214
-12263.43355
-12248.09712
-12187.33449
-12175.74276
-12218.59751
-12265.26822
-12301.53936
-12299.96434
-12229.81735
-12214.63818
-12237.22449
-12264.06759
-12312.22810
-12304.79350
-12276.06296
-12286.07495
-12166.57840
-12177.71710
-12224.30695
-12198.86615
-12191.52967
-12242.36235
-12284.19419
-12269.79623
-12284.51091
-12303.67256
-12290.79505
-12298.18611
-12216.98693
-12254.59748
-12278.33103
-12265.79183
-12311.96337
-12248.18419
-12243.44711
-12275.34558
-12327.36663
-12310.80953
-12306.08318
-12292.75302
-12319.37136
-12323.55065
-12319.46104
-12296.99746
-12338.06727
-12382.58560
-12386.99346
-12377.81589
-12360.58964
-12357.42837
-12363.93741
-12310.21049
-12282.81623
-12258.60541
-12346.27997
-12302.19551
-12321.61990
-12349.21242
-12374.43790
-12335.11760
-12336.08885
-12349.75619
-12296.19977
-12316.88153
-12401.18402
-12340.17956
-12319.76300
-12320.83927
-12289.45881
-12283.72392
-12329.35648
-12364.59767
-12252.24981
-12264.19716
-12243.53968
-12254.59415
-12287.43565
-12313.63092
-12308.79949
-12264.61241
-12280.90033
-12279.07924
-12337.47645
-12301.18143
-12361.20646
-12298.22779
-12287.16946
-12362.32116
-12306.83945
-12300.56628
-12323.48075
-12302.00188
-12293.17925
-12296.77531
-12343.43696
-12297.69278
-12324.43638
-12351.49187
-12324.33223
-12311.78926
-12318.86484
-12360.40148
-12388.80714
-12324.87488
-12365.71807
-12340.32602
-12374.40301
-12271.13330
-12257.71420
-12291.44098
-12260.31758
-12267.23125
-12231.88445
-12239.31724
-12194.37179
-12219.87379
-12295.13965
-12331.04536
-12210.34601
-12265.45019
-12262.36754
-12287.30999
-12291.46896
-12311.38019
-12289.58653
-12266.75266
-12285.95415
-12255.30202
-12293.19580
-12270.17039
-12301.84191
-12294.97904
-12278.82190
-12328.72073
-12354.96019
-12345.92227
-12382.35295
-12355.34254
-12422.01722
-12344.51841
-12341.73791
-12236.80544
-12232.64604
-12316.75993
-12266.77133
-12280.47884
-12254.63283
-12255.08617
-12208.57933
-12220.84992
-12242.65521
-12249.60766
-12242.19596
-12275.90287
-12292.44339
-12232.99739
-12273.58680
-12185.90156
-12226.95755
-12278.66812
-12329.87171
-12224.14774
-12275.69501
-12226.42958
-12275.17702
-12272.47061
-12300.45403
-12271.53638
-12311.41724
-12286.30543
-12264.08627
-12278.76788
-12211.73360
-12203.02950
-12197.50338
-12232.57844
-12305.14440
-12253.79638
-12271.48257
-12292.97007
-12290.19607
-12324.16167
-12265.92649
-12271.32483
-12229.87216
-12261.90606
-12299.62643
-12293.14471
-12246.63742
-12282.14804
-12353.19016
-12243.34467
-12309.40498
-12303.39541
-12276.40080
-12241.31098
-12239.42870
-12216.33700
-12239.45440
-12163.64492
-12218.69154
-12164.25843
-12154.82814
-12256.29084
-12183.53076
-12225.01793
-12199.60718
-12205.37361
-12247.68385
-12244.51717
-12266.31416
-12251.78468
-12310.18262
-12228.10707
-12193.14252
-12285.43468
-12181.24693
-12249.92558
-12270.47471
-12263.72551
-12198.26599
-12200.30220
-12283.72642
-12223.60049
-12248.60590
-12235.81636
-12233.19810
-12291.72071
-12277.51575
-12348.34432
-12329.55053
-12313.08165
-12304.97104
-12246.81946
-12208.58417
-12252.53235
-12235.56361
-12283.45816
-12253.84009
-12272.09622
-12296.38492
-12316.49678
-12254.48481
-12268.10611
-12252.57714
-12260.17842
-12287.73535
-12256.80120
-12307.06749
-12267.06196
-12257.53640
-12216.69189
-12234.73907
-12212.11887
-12258.04386
-12314.97148
-12208.77439
-12225.14160
-12254.26007
-12340.66333
-12305.35284
-12240.21616
-12306.61304
-12251.90729
-12261.74571
-12253.47638
-12214.82242
-12268.70071
-12318.55141
-12297.48838
-12281.96826
-12341.71881
-12281.63823
-12364.03163
-12257.53287
-12257.10097
-12289.13508
-12241.08913
-12189.12728
-12233.92483
-12272.32871
-12231.10509
-12225.64150
-12264.31900
-12241.61698
-12304.05753
-12331.48349
-12279.21616
-12291.90642
-12246.72288
-12288.82385
-12235.37070
-12278.45622
-12256.96487
-12271.58052
-12240.18649
-12255.47035
-12250.25981
-12224.43888
-12231.33337
-12211.19744
-12271.88211
-12222.27321
-12235.26050
-12260.30354
-12301.52695
-12308.09311
-12252.02715
-12214.55760
-12239.88410
-12268.15641
-12256.97467
-12234.07802
-12184.93276
-12192.34972
-12240.30289
-12269.51814
-12246.04966
-12298.84318
-12214.71485
-12272.20759
-12309.95534
-12313.25184
-12268.42999
-12254.87754
-12234.58004
-12251.84506
-12250.70218
-12256.17273
-12229.74640
-12246.04708
-12208.08434
-12257.19308
-12264.38361
-12271.75606
-12324.38181
-12292.57209
-12280.53295
-12285.62561
-12312.18084
-12275.09773
-12270.10423
-12263.03135
-12240.48637
-12239.93412
-12270.42347
-12306.75419
-12297.44824
-12348.44967
-12349.11000
-12314.71827
-12338.45517
-12315.78104
-12385.33791
-12399.94435
-12380.94383
-12367.29821
-12340.93496
-12349.81867
-12297.70813
-12299.34521
-12257.72457
-12293.43466
-12304.04323
-12291.58434
-12287.77929
-12231.84442
-12210.78755
-12222.19564
-12167.25463
-12263.07383
-12271.50598
-12337.70030
-12236.14297
-12268.97998
-12291.01395
-12283.75950
-12284.55196
-12266.59497
-12234.99448
-12226.21587
-12253.77683
-12219.55276
-12286.68056
-12332.46297
-12364.56505
-12306.57988
-12335.56054
-12296.94419
-12315.28686
-12367.61984
-12377.90828
-12295.26990
-12343.42327
-12332.33664
-12364.64784
-12319.40814
-12253.08847
-12304.84217
-12290.59627
-12302.13702
-12294.97058
-12257.35513
-12272.80373
-12280.04347
-12313.31702
-12279.88666
-12235.40537
-12274.10775
-12313.18601
-12348.33016
-12307.62705
-12314.35304
-12335.21217
-12336.67472
-12310.18710
-12349.07179
-12261.86561
-12327.45858
-12296.77684
-12280.95316
-12342.11063
-12231.45707
-12334.32539
-12378.58061
-12298.71892
-12279.14789
-12269.49594
-12285.67093
-12250.62470
-12241.16286
-12288.32761
-12283.02754
-12285.86622
-12302.57505
-12189.85170
-12191.95619
-12290.09513
-12280.22232
-12277.33213
-12345.08358
-12334.50071
-12323.32011
-12323.21586
-12298.75226
-12317.53393
-12324.69982
-12281.07524
-12299.53461
-12276.13287
-12246.71702
-12277.74046
-12246.80290
-12278.85804
-12277.45600
-12261.24271
-12302.23817
-12297.98273
-12266.96712
-12295.39966
-12259.42387
-12285.59701
-12277.27109
-12330.74385
-12310.86651
-12323.29556
-12307.26338
-12325.09351
-12332.97088
-12373.16220
-12350.52915
-12323.11143
-12371.57180
-12326.23408
-12356.94300
-12316.87627
-12261.14342
-12242.92699
-12278.16059
-12229.06864
-12184.60419
-12215.02273
-12248.11211
-12321.58725
-12262.28033
-12312.97487
-12360.20952
-12350.19849
-12384.85076
-12271.76450
-12313.97143
-12279.03938
-12284.06252
-12271.39629
-12308.36798
-12316.40725
-12314.63427
-12329.46327
-12287.10821
-12328.09413
-12336.62013
-12302.52481
-12301.02433
-12331.33555
-12321.50817
-12331.05218
-12384.82734
-12352.73463
-12365.84654
-12398.10027
-12390.62793
-12363.21572
-12328.51078
-12367.93743
-12371.39798
-12339.21468
-12323.36236
-12285.51120
-12261.70151
-12311.30783
-12265.86174
-12299.94387
-12331.79460
-12298.56110
-12289.20478
-12278.70904
-12235.77498
-12234.98192
-12225.49104
-12230.68951
-12204.35830
-12226.80017
-12186.04331
-12206.87474
-12227.68940
-12262.76236
-12275.79809
-12242.97208
-12278.40070
-12215.39349
-12197.78437
-12195.71794
-12208.81223
-12173.92845
-12169.95381
-12149.38716
-12183.83805
-12171.61857
-12193.98813
-12213.72487
-12217.66122
-12184.49642
-12225.42868
-12245.97596
-12321.73342
-12379.14993
-12421.18861
-12351.95391
-12294.55455
-12248.44534
-12313.86442
-12353.55170
-12284.27359
-12306.75668
-12342.66304
-12313.95779
-12261.61412
-12264.60824
-12267.61105
-12252.86157
-12234.49662
-12204.60567
-12119.57094
-12259.11645
-12258.97644
-12250.37690
-12243.65614
-12261.49384
-12223.42284
-12192.10349
-12229.06975
-12244.04772
-12297.04276
-12247.97856
-12207.41451
-12296.55742
-12277.82725
-12264.83568
-12329.27386
-12310.51385
-12290.64711
-12240.14938
-12235.49561
-12247.35373
-12202.18458
-12252.06453
-12255.75749
-12230.15606
-12188.60106
-12238.31648
-12271.98236
-12290.78197
-12234.37657
-12308.44879
-12229.67657
-12334.95519
-12327.46405
-12383.07432
-12377.81060
-12308.05773
-12301.46403
-12267.85224
-12189.14191
-12239.85395
-12270.96153
-12299.94727
-12249.89918
-12283.36140
-12223.20267
-12262.26953
-12249.29992
-12281.71858
-12227.10696
-12264.78788
-12279.05303
-12336.19602
-12372.66663
-12436.09047
-12414.66205
-12353.62155
-12321.12809
-12301.13443
-12313.11358
-12316.20026
-12226.98504
-12228.91593
-12283.91809
-12339.38929
-12325.02149
-12288.39286
-12196.66796
-12296.76137
-12261.51829
-12291.35587
-12271.67351
-12248.15745
-12289.26311
-12297.34778
-12322.83382
-12362.22118
-12371.85095
-12376.05479
-12273.04779
-12280.78724
-12333.91465
-12291.02543
-12296.34397
-12298.72935
-12266.50732
-12239.92244
-12253.02521
-12207.98165
-12292.98894
-12290.15732
-12303.44419
-12308.79660
-12353.13386
-12293.74327
-12309.88621
-12303.86496
-12266.73624
-12382.92674
-12291.57470
-12276.54084
-12243.12538
-12274.03745
-12248.65274
-12200.64566
-12291.87162
-12164.34792
-12211.04597
-12147.66781
-12251.11820
-12199.85477
-12221.33803
-12270.94588
-12219.67710
-12300.17048
-12235.55281
-12307.18062
-12268.89081
-12332.48556
-12213.57109
-12209.43177
-12303.81269
-12243.67749
-12301.19844
-12286.79716
-12208.06730
-12233.42721
-12232.68154
-12257.12511
-12266.84932
-12230.86985
-12262.80416
-12258.00680
-12245.33211
-12200.25700
-12152.17833
-12326.59369
-12264.71945
-12293.15681
-12292.52443
-12332.90693
-12276.71058
-12339.69346
-12356.74120
-12363.59903
-12305.25041
-12328.74620
-12355.01056
-12309.25260
-12257.19211
-12239.94808
-12259.11918
-12319.21711
-12297.06335
-12258.59926
-12244.14643
-12263.30724
-12269.27017
-12276.08338
-12266.06636
-12248.19096
-12303.78642
-12316.27318
-12293.93313
-12318.83494
-12326.69090
-12298.11075
-12287.41857
-12279.12264
-12274.11068
-12262.47169
-12258.30450
-12290.01858
-12252.86134
-12214.08592
-12237.70020
-12243.61638
-12253.91624
-12296.64897
-12284.82569
-12305.04924
-12241.41758
-12303.97743
-12280.28182
-12311.83098
-12297.69359
-12279.46738
-12325.64355
-12361.56783
-12321.04834
-12342.22305
-12263.73470
-12294.13376
-12343.91264
-12388.63286
-12271.45149
-12237.65769
-12287.40317
-12308.17266
-12314.93369
-12305.94803
-12366.52391
-12360.52542
-12358.58938
-12322.05625
-12317.45637
-12212.71740
-12252.28948
-12221.59794
-12150.28649
-12191.85979
-12199.05300
-12252.91154
-12238.82230
-12246.77411
-12287.73894
-12333.53333
-12379.29349
-12318.83712
-12277.99511
-12310.61580
-12305.33973
-12299.34105
-12343.75124
-12364.52843
-12287.37366
-12335.34744
-12264.54346
-12226.33424
-12270.75244
-12207.21715
-12210.76329
-12235.51730
-12237.27733
-12196.57139
-12221.56683
-12249.81920
-12220.20636
-12246.81037
-12309.00293
-12281.65019
-12311.31278
-12246.89007
-12269.25797
-12302.32439
-12257.31656
-12313.28341
-12371.18797
-12350.87094
-12410.28589
-12337.32301
-12413.92589
-12335.71529
-12321.17409
-12304.14692
-12272.76661
-12292.80186
-12284.94654
-12297.81642
-12219.38228
-12246.92876
-12228.42164
-12266.57343
-12249.88594
-12237.41781
-12265.31409
-12253.01580
-12222.56624
-12290.97125
-12281.55649
-12325.08695
-12310.61422
-12325.39932
-12358.98222
-12378.40693
-12333.11695
-12302.41568
-12343.98414
-12370.33042
-12319.54345
-12311.52858
-12262.92803
-12298.26914
-12259.07691
-12272.41156
-12252.09623
-12306.49013
-12270.36801
-12262.98988
-12266.82195
-12300.80492
-12278.00060
-12264.31108
-12308.83321
-12321.31549
-12253.95812
-12244.85582
-12214.55101
-12240.00557
-12260.26049
-12304.37579
-12317.03981
-12267.91386
-12265.09793
-12278.45052
-12322.83132
-12264.04957
-12274.82206
-12210.67220
-12170.79085
-12143.58781
-12190.37712
-12236.69340
-12203.73238
-12259.12908
-12217.94497
-12259.22077
-12289.82594
-12282.36021
-12237.85025
-12286.87811
-12280.84164
-12269.78252
-12276.43462
-12315.31585
-12338.67639
-12253.03690
-12303.93412
-12280.20705
-12238.37752
-12266.61896
-12234.03997
-12246.32484
-12211.24094
-12222.76374
-12210.13729
-12238.89215
-12195.74458
-12258.25512
-12296.46018
-12284.57541
-12316.03351
-12308.79422
-12324.17355
-12308.28890
-12239.93276
-12302.90231
-12295.72544
-12305.11326
-12297.07598
-12288.51818
-12280.04940
-12267.06490
-12321.78565
-12306.54034
-12309.78007
-12308.77165
-12391.70510
-12336.92531
-12352.87269
-12404.51865
-12314.84712
-12258.66818
-12357.20724
-12332.05485
-12311.12679
-12353.85571
-12295.59936
-12377.35764
-12295.57845
-12341.92755
-12314.31591
-12376.14994
-12333.32953
-12313.14107
-12364.87837
-12287.44154
-12335.64119
-12390.08140
-12289.31780
-12255.79836
-12328.58133
-12347.81993
-12301.95312
-12319.35227
-12336.57715
-12307.56864
-12299.62247
-12279.26563
-12328.13730
-12264.99839
-12302.95779
-12321.96253
-12264.55289
-12268.93534
-12274.86548
-12305.31080
-12197.69090
-12289.58578
-12320.87134
-12321.13553
-12303.02979
-12329.86427
-12270.50602
-12285.79618
-12269.68765
-12265.15433
-12210.22847
-12272.67321
-12324.92805
-12358.82679
-12332.22487
-12299.71272
-12303.25932
-12298.79899
-12309.02219
-12307.98058
-12332.72069
-12349.55859
-12345.39412
-12350.13718
-12310.78252
-12312.74379
-12325.22832
-12335.83054
-12289.29551
-12247.22393
-12263.58274
-12301.46058
-12298.04409
-12327.03035
-12278.64137
-12238.59872
-12303.90555
-12227.20459
-12254.25559
-12279.98131
-12244.95918
-12237.21025
-12308.59750
-12279.06781
-12331.64706
-12299.53503
-12268.11814
-12253.80592
-12258.30421
-12182.56446
-12168.84751
-12187.27661
-12272.26274
-12216.86160
-12290.78299
-12253.48041
-12214.16878
-12232.61845
-12224.06471
-12189.76504
-12140.27350
-12187.81132
-12281.65384
-12213.96412
-12234.35887
-12311.09259
-12284.72204
-12244.47098
-12234.40806
-12220.15367
-12281.81071
-12251.43263
-12252.82104
-12240.05363
-12254.04766
-12268.75937
-12273.13234
-12280.78961
-12264.29865
-12243.78442
-12338.94248
-12277.01017
-12181.99020
-12194.39617
-12252.06230
-12266.42508
-12241.82966
-12271.01229
-12299.47227
-12271.55444
-12299.37550
-12234.57886
-12232.29251
-12228.30942
-12236.10384
-12278.37136
-12221.00483
-12217.08140
-12216.17726
-12270.32363
-12169.29845
-12223.73579
-12221.21913
-12241.44440
-12169.77024
-12254.16250
-12280.79198
-12259.10140
-12295.57090
-12334.91706
-12367.30135
-12334.64489
-12288.74913
-12292.28367
-12277.31896
-12270.92160
-12179.10445
-12211.28126
-12254.71857
-12280.05897
-12251.21489
-12238.31879
-12204.59877
-12195.13641
-12263.19536
-12306.07228
-12190.62163
-12222.28134
-12247.31247
-12238.21003
-12285.79096
-12219.18188
-12171.57303
-12233.72285
-12252.73597
-12166.73847
-12151.41357
-12218.84040
-12254.49554
-12237.40407
-12180.28672
-12199.05118
-12230.75355
-12305.38650
-12242.41695
-12261.04082
-12196.30221
-12252.07012
-12219.96127
-12168.06078
-12270.30660
-12299.77917
-12266.32844
-12278.36617
-12298.60585
-12311.77322
-12228.06643
-12264.85514
-12252.33441
-12222.02525
-12212.94191
-12223.85979
-12252.26062
-12273.40790
-12346.49526
-12317.15988
-12281.17920
-12266.66484
-12326.54681
-12282.39904
-12325.82840
-12273.86533
-12214.49914
-12224.34433
-12269.65212
-12210.78692
-12292.69405
-12263.87740
-12299.09267
-12284.88325
-12272.28614
-12266.78494
-12407.25995
-12406.36951
-12371.50209
-12352.97493
-12258.97167
-12282.97132
-12319.11000
-12375.79261
-12362.36435
-12291.73199
-12300.29443
-12186.11675
-12226.75889
-12240.79723
-12217.04030
-12281.19166
-12261.91140
-12293.69159
-12266.94699
-12326.07124
-12279.87548
-12242.45245
-12321.29917
-12298.97835
-12306.37334
-12250.75547
-12278.35028
-12324.04779
-12290.26141
-12312.50364
-12382.85193
-12347.49505
-12387.54596
-12324.50423
-12336.52889
-12310.14011
-12342.82991
-12310.71048
-12344.37803
-12357.05318
-12326.58076
-12280.18712
-12185.75928
-12245.03697
-12250.74578
-12279.50864
-12231.36832
-12298.06230
-12281.72610
-12222.55412
-12180.66674
-12186.77944
-12229.56149
-12282.05901
-12255.06051
-12255.55155
-12285.70336
-12309.51706
-12312.35563
-12280.12431
-12305.74609
-12329.37941
-12284.51683
-12240.05304
-12275.98194
-12229.52491
-12263.40577
-12251.46567
-12217.47222
-12289.56717
-12253.67237
-12254.78104
-12272.12732
-12254.18942
-12168.04130
-12220.35450
-12320.31411
-12241.04168
-12301.19444
-12237.19289
-12262.96909
-12293.85848
-12287.40950
-12223.12285
-12304.51796
-12242.40837
-12276.93982
-12297.03761
-12318.71166
-12261.63513
-12278.92141
-12279.24325
-12264.80893
-12278.02736
-12281.75882
-12272.97828
-12220.55233
-12274.75607
-12260.67427
-12254.77622
-12258.91469
-12237.26091
-12264.86712
-12153.31187
-12202.72305
-12183.96874
-12265.46829
-12242.41791
-12240.15678
-12226.77978
-12225.88441
-12242.80254
-12230.51029
-12203.36179
-12213.77371
-12182.72960
-12226.64490
-12191.45608
-12215.78658
-12193.69847
-12227.51613
-12276.74499
-12250.94855
-12290.80251
-12242.32632
-12326.66922
-12328.12899
-12237.56659
-12223.99851
-12267.98345
-12264.94096
-12287.87836
-12322.51229
-12283.78021
-12241.96109
-12281.10696
-12252.31514
-12262.62697
-12344.42677
-12350.93455
-12281.11898
-12259.83307
-12316.15997
-12341.46933
-12310.95031
-12292.49439
-12228.22497
-12328.58347
-12258.83475
-12263.14217
-12346.73894
-12336.87335
-12340.32673
-12332.31490
-12296.80491
-12207.92315
-12246.89204
-12199.36103
-12278.65884
-12320.32600
-12258.91961
-12268.71225
-12245.81509
-12268.97255
-12294.32118
-12220.62430
-12301.78964
-12229.99471
-12306.19848
-12293.85928
-12258.03097
-12296.23043
-12273.33482
-12360.68561
-12308.54027
-12267.22609
-12269.27449
-12345.41335
-12252.90081
-12334.63404
-12334.56962
-12264.16181
-12298.08112
-12313.15934
-12310.83914
-12351.42052
-12272.30644
-12324.77278
-12310.01941
-12359.24501
-12273.66364
-12274.80036
-12284.14672
-12272.24127
-12308.96956
-12283.39422
-12250.64863
-12232.04117
-12253.15370
-12259.50571
-12266.70542
-12314.00224
-12235.35014
-12230.60801
-12292.42377
-12268.66562
-12247.05721
-12222.05929
-12245.61494
-12277.41697
-12220.51062
-12194.16858
-12216.33772
-12264.48348
-12293.10309
-12296.10288
-12229.13203
-12229.65976
-12314.20806
-12317.87044
-12307.54311
-12327.10524
-12327.89067
-12271.37811
-12316.58190
-12318.40596
-12282.51864
-12272.88293
-12321.32142
-12296.83460
-12295.03927
-12289.49216
-12276.78786
-12304.76884
-12215.21558
-12263.61334
-12268.62118
-12269.77725
-12187.53886
-12209.96736
-12236.43879
-12317.73525
-12300.79023
-12334.27335
-12369.57232
-12357.33280
-12348.64372
-12341.82144
-12354.55851
-12383.82376
-12337.04379
-12397.74854
-12334.71289
-12349.19671
-12350.07529
-12346.54634
-12335.86130
-12325.88080
-12317.26286
-12356.34196
-12372.53144
-12303.22502
-12323.94839
-12360.74925
-12366.85852
-12358.75497
-12303.75933
-12313.72748
-12345.39378
-12323.57267
-12351.00425
-12341.31680
-12338.73539
-12296.88175
-12370.22960
-12402.43602
-12356.86039
-12351.46084
-12294.62082
-12300.33736
-12262.74392
-12249.21606
-12219.24314
-12160.19722
-12169.60859
-12150.72171
-12191.53323
-12211.92141
-12256.66770
-12194.07075
-12246.04692
-12294.59573
-12282.14011
-12339.40645
-12342.39061
-12298.07022
-12316.05425
-12322.89083
-12253.26031
-12308.68767
-12346.38625
-12317.23591
-12362.56615
-12290.68097
-12321.25390
-12304.99906
-12268.28542
-12258.67180
-12213.54945
-12244.21328
-12261.46527
-12292.87806
-12342.32136
-12301.45452
-12293.52773
