1.00280
1.00205
1.00839
1.00659
0.99697
0.99526
0.99769
0.99438
0.99438
0.99438
0.99542
0.99542
0.99773
0.99773
0.99773
0.98648
0.98648
0.99209
0.99209
0.99468
0.99468
0.99752
0.99744
1.00532
1.00130
1.00130
0.99747
0.99751
0.99751
1.00518
1.00518
0.99678
0.99745
1.00698
1.00839
1.00762
1.00168
1.00181
1.00181
1.00181
0.99230
0.98743
0.98743
0.98741
0.98741
0.99007
0.98631
0.99142
0.99089
0.99255
0.99255
0.98858
0.98858
0.99019
0.98963
0.99415
0.99838
0.99631
0.99631
0.99665
0.99431
0.99390
0.99012
0.99012
0.99012
0.99012
0.99012
0.99012
0.99012
0.99991
0.99991
0.99451
1.00464
1.00464
1.00425
1.00425
1.00425
1.00425
1.00479
1.00695
1.01008
1.00197
1.00197
1.00409
0.99844
0.99844
0.99371
0.99339
0.99339
0.99268
0.99268
0.98933
0.98933
0.98467
0.97601
0.98369
0.97935
0.97935
0.98252
0.97340
0.97559
0.97769
0.97948
0.98931
0.99557
1.00183
1.00059
1.00059
0.99724
0.98728
0.98521
0.98431
0.98290
0.98139
0.98479
0.98252
0.98377
0.98818
0.98818
0.98824
0.99655
1.00649
1.00868
1.01352
1.01775
1.01775
1.01775
1.00322
1.00018
1.00826
1.01313
1.01443
1.02234
1.02643
1.02343
1.02572
1.02210
1.02089
1.01209
1.01087
1.00643
1.00646
1.00857
1.00356
1.00356
1.00621
1.00621
1.00762
1.00596
0.99814
0.99814
0.99814
0.99946
1.00734
1.00734
0.99952
1.00392
1.00392
1.00392
0.99962
0.99953
0.99953
1.00120
1.00120
0.99824
0.99854
0.98952
0.98773
0.98773
0.99753
0.99994
0.99808
0.99188
0.98576
0.98720
0.99025
0.98899
0.98715
0.98782
0.98782
0.98555
0.98555
0.98509
0.98650
0.99128
0.99199
0.98873
0.99313
0.99015
0.99270
0.99543
0.99247
0.99247
0.99247
0.99247
0.99079
0.98697
0.98960
0.98354
0.98324
0.98073
0.98210
0.98210
0.98915
0.98853
0.98231
0.98360
0.99307
0.99307
0.99307
0.99307
0.98118
0.98049
0.98703
0.99272
0.99838
0.99838
0.99579
0.99579
1.00187
1.00187
1.00242
0.99878
1.00379
1.00241
1.00241
1.00241
0.99825
0.99215
0.98737
0.98737
0.98865
0.99398
0.99805
0.99830
1.00126
0.99734
0.99323
0.99323
0.98844
0.99141
0.99777
0.99994
0.99994
0.99484
0.99484
0.99484
0.99484
0.98710
0.99445
0.99445
0.99691
0.99691
0.99609
0.99220
0.99220
0.98860
0.98744
0.99459
1.00114
1.00615
1.00543
1.01390
1.01238
1.01236
0.99967
0.99967
0.99531
0.99512
0.99512
0.99570
0.99899
0.99972
1.00136
1.00136
1.00021
0.99817
0.99837
0.99786
0.99535
0.99535
0.99654
0.99342
0.99775
0.99904
0.99171
0.99422
0.99706
0.99539
0.99539
0.99618
0.99975
1.00877
1.00195
0.99444
1.00231
1.00309
0.99119
0.99119
0.99236
0.99228
0.99400
0.99212
0.98818
0.98902
1.00404
1.00241
0.99637
1.00537
0.99438
0.99069
0.99330
0.99330
0.99874
0.99996
0.99198
0.98849
0.98756
0.98817
0.98783
0.98472
0.99021
0.99348
0.99345
0.99246
0.99448
0.99305
0.99699
0.99699
1.00511
1.00511
1.00511
1.00511
1.00373
1.00373
1.00229
0.99832
1.00705
1.00454
1.00997
1.00752
1.00752
1.00569
1.00573
1.00525
1.00346
1.00346
1.00346
1.00256
1.00765
1.00873
1.01509
1.01509
1.00938
1.00938
1.00718
1.00272
1.00821
1.00803
1.00439
1.00480
1.00532
0.99792
1.00000
1.00381
0.99322
0.99582
0.99582
0.99582
0.99582
0.99582
1.00137
1.00137
1.00140
1.00064
1.00350
1.01790
1.01790
1.01790
1.02021
1.01879
1.01879
1.01321
1.00410
1.00443
1.00443
1.00443
1.00209
1.00523
1.01330
1.00688
1.01229
1.01424
1.00763
1.00822
1.01187
1.00962
1.00860
1.00658
1.00607
1.00366
1.00610
1.00447
1.00031
1.00031
1.00061
1.00859
1.00859
1.00859
1.00565
1.00193
1.00193
1.00193
1.00832
1.00832
1.01205
1.01205
1.01100
1.01100
1.00948
1.00444
1.00276
0.99991
1.00058
1.00058
1.00042
0.99609
1.00740
1.00452
1.00452
1.00622
1.00620
1.00620
1.00633
1.01004
1.01716
1.01652
1.01652
1.00897
1.00750
1.00658
1.00593
1.00593
1.01228
1.01219
1.01192
1.01883
1.01883
1.01883
1.01545
1.01545
1.01236
0.99851
0.99302
0.99302
0.99522
0.99730
1.00039
1.00039
0.99903
0.99495
0.99511
0.99511
0.98953
0.98953
0.98953
0.99441
0.99441
0.99031
0.99031
0.98860
0.98860
0.99140
1.00185
1.00344
0.99950
0.99950
0.99950
0.99950
0.99950
1.00381
0.99104
0.99127
0.99212
0.99376
0.99082
0.99082
0.98680
0.98793
0.98629
0.98629
0.99216
0.99023
0.99023
0.99389
0.99389
0.99675
0.99855
0.99868
0.99911
0.99964
1.00083
1.00177
1.00158
0.99207
0.99207
0.99207
0.98902
0.98913
0.98913
0.99632
0.99632
0.99632
0.99632
0.99632
0.99116
0.98782
0.98954
0.99522
0.99857
0.99857
0.99572
0.99856
0.99847
1.00031
1.00273
0.99950
0.99979
1.00095
0.99170
0.99170
0.99636
0.99368
0.99685
0.99468
0.98275
0.98256
0.98256
0.98256
0.98889
0.99348
0.99175
0.99870
1.00152
0.99035
0.98950
0.98541
0.98368
0.98865
0.98329
0.98697
0.98551
0.98551
0.98551
0.98551
0.99007
0.99050
0.98988
0.99258
0.99236
0.99425
1.00396
0.99711
0.98865
0.99785
0.99785
0.99961
0.99973
1.00833
1.01043
1.01043
1.01111
1.00040
1.00040
1.00041
0.99583
0.98980
0.98736
0.99520
0.99545
1.00160
1.00200
1.00296
0.99627
0.99756
0.99553
1.00521
1.00546
1.00417
1.00285
1.00249
1.00545
1.00545
1.00545
1.00545
1.00151
0.99704
1.00369
1.00601
1.00443
1.00203
1.00203
1.00065
1.00065
1.00258
1.00145
0.99415
0.99257
0.99172
0.98988
0.98988
0.98988
0.98468
0.98949
0.99038
0.98539
0.98522
0.98475
0.98958
0.99503
0.99687
1.00609
1.00259
1.00915
1.00654
1.00568
0.99704
1.00344
1.00344
0.99495
1.00292
0.99558
0.99702
0.99140
0.98910
0.99055
0.99055
0.98447
0.98717
0.99504
0.99876
0.99623
0.99623
1.00526
1.00627
1.01072
1.00707
0.99681
0.99681
0.99681
0.99681
0.99882
0.99882
0.99561
1.00484
1.00471
1.00471
1.00707
1.00676
1.01116
1.01116
1.00571
1.00571
1.00350
1.00521
0.99736
0.99886
1.00568
1.00472
0.99897
1.00068
1.00068
1.00068
1.00114
1.00480
1.00208
1.00173
1.00149
1.00366
1.00314
1.00454
1.00147
1.00147
0.99366
0.99366
0.99246
1.00005
0.99675
0.99675
0.99675
0.98865
1.00021
0.99436
0.99436
0.99436
1.00163
1.00504
1.00604
1.00783
1.00111
1.00468
1.00465
1.00465
1.00316
0.99745
0.99831
0.99831
0.99831
0.99831
0.99790
0.99790
0.99466
0.99466
0.99422
0.99211
0.99076
0.99076
0.99076
0.98005
0.99037
0.98770
0.98771
0.98771
0.99032
0.99524
0.99391
0.99215
0.99803
0.99993
1.00080
1.00080
0.99824
0.99950
0.99703
0.99703
1.00062
0.99997
1.00339
1.00450
0.99997
1.00372
1.00262
0.99763
0.99763
0.99751
0.99371
0.99173
0.99916
1.00266
0.99908
0.99593
0.99264
0.99384
0.98919
0.99818
0.98906
0.98906
0.98741
0.99521
0.99293
0.99293
0.98938
0.99306
0.99002
0.98968
0.99923
0.99923
0.99923
0.99923
0.99641
1.00440
1.00272
1.00326
1.00326
1.00326
1.00600
1.00600
1.00168
1.00168
1.00004
0.99548
0.99542
0.99984
1.00116
0.99779
0.99740
0.99991
0.99455
0.99455
1.00305
0.99753
0.99501
0.99501
0.99501
0.99501
0.98915
0.98612
0.98401
0.98572
0.98431
0.99080
0.98934
0.99025
0.99025
0.98730
0.98478
0.98478
0.98706
0.98719
0.99318
0.99318
0.99593
1.00339
1.00283
1.00654
1.00422
1.00396
1.01213
1.01501
1.01798
1.01559
1.02023
1.02023
1.01908
1.01797
1.01280
1.01724
1.00807
1.01226
1.00981
1.00886
1.00564
1.00564
1.00371
1.00368
1.00305
1.00270
1.01218
1.01218
1.00749
1.00529
1.00557
0.99942
0.99996
1.00034
1.00100
0.99774
0.99904
0.99910
1.00361
1.00910
1.00851
1.00851
1.01238
1.00645
1.00645
1.00056
0.99838
0.99902
1.00635
1.00252
0.99425
1.00053
1.00053
1.00053
0.99275
0.98773
0.99260
0.99483
0.99659
0.99659
0.99819
0.99819
0.99577
0.99495
0.99614
0.99539
0.99769
0.99769
0.99889
0.99889
1.00672
1.00672
1.00251
0.99142
0.99614
0.99614
1.00217
1.00217
1.00301
0.99479
0.99800
0.99007
0.99024
0.99024
0.99070
0.99910
1.00031
0.99918
1.00379
1.00745
1.00620
1.00357
1.00357
1.00009
1.00009
0.99614
1.00232
1.00232
1.00241
1.00161
1.00104
0.99161
0.99438
0.99438
0.99438
0.99067
0.99048
0.99404
0.99602
0.99063
0.98858
0.98858
0.99069
0.98980
0.98980
0.98606
0.99542
1.00517
1.00367
1.00690
1.01466
1.01460
1.01460
1.01460
1.00564
1.00564
1.00954
1.00866
1.00129
0.99818
1.00067
0.99924
0.99963
1.00194
1.00899
1.00899
1.00899
1.00199
1.00553
1.01078
1.00979
1.01167
1.01432
1.01432
1.00763
1.00754
1.00155
1.00224
1.00560
1.00604
1.00604
1.00473
0.99989
1.00296
1.00420
0.99870
0.99568
0.99795
0.99924
0.99740
1.00337
1.00098
1.00038
1.00431
1.00431
1.00431
1.00601
1.00601
0.99373
0.99516
0.99516
0.99777
1.00445
1.00445
1.00445
1.00445
1.00801
1.00562
1.00675
1.00675
1.00714
1.00986
1.00356
1.00356
1.00356
1.01161
1.00751
1.00735
1.00360
1.00129
0.99843
0.99843
0.99843
0.99843
0.99843
1.00050
0.99391
0.98919
0.99855
1.00127
1.00752
1.00752
1.00219
0.99434
0.99469
0.99090
0.99090
0.99440
0.99106
0.99731
0.99769
1.00356
1.00680
0.99763
0.99173
0.99268
0.98549
0.99208
0.98811
0.99535
0.99712
0.99977
0.99821
0.99821
1.00202
1.00939
1.01804
1.00840
1.00840
1.00952
1.00952
1.00952
1.00226
0.99731
0.99588
0.99568
0.99669
0.99505
0.99273
0.99273
0.99273
0.98978
0.99042
0.99941
1.00128
1.00128
1.00197
0.99655
0.99984
0.99971
0.99268
0.99268
0.98761
0.98918
0.98452
0.99157
0.98425
0.98419
0.99263
0.99153
0.99153
0.99415
0.99415
0.99415
1.00179
1.00164
1.00400
1.00400
1.00527
1.00890
0.98929
0.98929
0.98929
0.99097
1.00301
1.00301
0.99706
0.99706
0.99816
0.99619
0.99632
0.98912
0.99119
0.99119
0.99111
0.99194
0.99203
0.98807
0.99714
0.99498
0.99243
0.99243
0.99667
1.00351
0.99678
0.99656
0.99403
1.00177
1.00177
1.00177
1.00092
1.00092
0.99856
0.99285
0.99269
0.98917
0.98630
0.98611
0.99412
0.99412
0.99412
0.99331
0.99252
0.99409
0.99628
0.99679
0.99646
0.99130
0.99624
1.00191
0.99290
0.99468
0.99973
1.00733
1.00320
1.00029
1.00827
1.00827
1.00441
1.00543
1.01475
1.01475
1.00404
1.00727
1.00727
1.00480
1.00653
0.99982
0.99304
0.99304
0.98839
0.98839
0.98839
0.98473
0.98633
0.98779
0.98981
0.98981
0.98981
0.98981
0.99185
0.99390
0.99984
0.99984
0.99416
0.99416
1.00023
1.00481
1.00481
1.00346
0.99652
0.98679
0.99333
0.99186
0.99186
0.99186
0.99186
0.99787
0.99594
0.99594
0.99594
0.99273
0.98818
0.99279
0.99320
0.99461
0.99705
0.99500
0.99072
0.99072
0.99072
0.99099
0.98773
0.98773
0.98714
0.99024
0.99201
0.98708
0.98816
0.99319
0.99102
0.99102
0.99778
0.99775
0.99622
1.00386
0.99497
0.98824
0.99111
0.99111
0.99111
0.98857
0.98728
0.99030
0.99351
0.99652
0.99652
0.99445
0.99141
0.99141
0.99716
0.99420
0.99517
0.99561
1.00405
1.00207
1.00499
1.00499
1.00366
0.99983
0.99237
0.99291
0.99373
0.99437
0.99564
1.00128
0.98782
0.99523
0.99523
0.98952
0.99718
0.99382
0.99603
0.99603
0.99729
1.00300
1.00300
0.99818
1.00251
1.00001
1.01425
1.01479
1.00709
1.01372
1.00853
1.00598
1.00629
1.00629
1.00725
1.00380
0.99875
0.99875
1.00238
1.00238
1.00238
1.00790
1.00623
0.99977
0.99823
1.00072
1.00072
0.99954
0.99749
0.99749
0.99524
0.99524
0.99553
0.99945
1.00371
1.00371
0.99724
1.00285
0.99980
1.00213
0.99941
0.99148
0.98323
0.98323
0.98323
0.98285
0.98871
0.98295
0.98295
0.98783
0.99176
0.99176
0.99316
0.99737
0.99179
0.99740
1.00120
1.00433
1.00433
0.99960
1.00043
1.00295
1.00295
1.00295
1.00295
1.00733
1.00434
1.00580
1.00732
0.99481
0.98685
0.99096
0.99096
1.00073
1.00073
0.99796
0.99146
0.99433
0.99711
0.99827
0.99949
1.00697
0.99822
0.99822
0.99842
1.00060
0.99918
0.99918
0.99918
0.99685
0.99685
0.99556
1.00038
0.99787
0.99577
0.99197
0.99065
0.99855
1.00085
1.00328
1.00168
1.00691
1.00574
1.00584
0.99803
0.99803
0.99803
0.99803
0.99744
1.00068
1.00694
1.00425
1.01083
1.00865
1.00166
1.00166
1.00166
1.00166
0.99970
0.99970
0.99970
0.99359
0.99046
0.99494
1.00456
0.99810
0.99810
1.00102
1.00245
0.99501
0.99915
0.99868
1.00462
1.00462
0.99920
0.99920
1.00266
0.99997
0.99495
0.99370
0.98385
0.98545
0.98358
0.98495
0.98662
0.98207
0.99591
0.99568
0.99457
0.99342
0.99064
0.98703
1.00184
1.00184
1.00227
0.99652
1.00093
1.00805
1.00982
1.00982
1.00887
1.00120
0.99005
0.99005
0.99273
0.99273
0.99881
0.99335
0.98848
0.99355
0.99490
0.99324
1.00067
0.99675
0.99675
0.99675
0.98983
0.99207
0.99828
0.99406
0.99406
0.99816
0.98932
0.99023
0.99023
0.99628
0.99752
0.99483
0.99281
0.99281
1.00179
1.00004
0.99845
0.99845
0.99026
0.99026
0.97832
0.97832
0.98185
0.99110
0.99529
0.99529
0.99910
0.99910
1.00346
1.00147
0.99805
0.99767
0.99767
1.00317
1.00149
0.99461
0.99626
1.00546
1.00298
1.00331
0.99954
0.99924
0.99718
0.99370
0.99990
0.99549
0.99750
0.99750
1.00501
0.99783
1.00096
1.00143
0.99801
0.99801
1.00307
1.00307
1.00234
1.00234
1.00895
1.00737
1.00042
0.99782
0.99343
0.99120
0.99676
0.99676
1.00559
1.00559
1.00390
1.01426
1.02180
1.01819
1.01731
1.01731
1.01731
1.01731
1.01340
1.01340
1.01355
1.01134
1.01134
1.01303
1.01514
1.01514
1.01514
1.00735
0.99911
0.98767
0.99399
0.99399
0.99375
0.99375
0.98598
0.98598
0.99649
0.99649
0.99649
0.99649
0.99487
0.99549
0.99549
0.99549
1.00435
0.99978
1.00325
1.00383
0.99919
1.00016
0.99391
0.99391
0.99391
0.99574
0.99310
0.98062
0.98680
0.98680
0.99962
0.99858
0.99858
0.99614
0.99675
0.99450
0.98456
0.98456
0.99057
0.99389
0.99971
1.00011
0.99752
1.00046
0.99098
0.98294
0.98294
0.98070
0.98737
0.99127
0.98494
0.99321
0.99079
0.98492
0.98492
0.99003
0.99228
0.99748
1.00219
1.00418
1.00418
1.00199
1.00522
1.00522
1.00791
1.00203
0.99783
0.99179
0.98985
0.99143
0.99007
0.99866
0.99816
1.00590
1.00309
1.00439
0.99692
0.99533
0.99533
0.99265
0.99313
1.00096
1.00561
1.00502
1.01075
1.01075
1.00295
1.00295
1.00220
1.01060
1.00160
1.00662
1.00432
1.00485
1.00127
1.00980
1.00429
1.00209
1.01110
1.01045
1.00943
1.00910
1.01472
1.00804
1.01558
1.01640
1.00872
1.00355
1.00355
1.00469
1.00469
1.00864
1.00580
0.99889
0.99950
1.00753
1.00461
1.00214
1.00214
0.99858
0.99806
0.99806
1.00363
0.99546
0.99987
1.00616
1.00054
1.00054
0.99704
0.99633
0.99633
0.98881
0.98006
0.97922
0.97763
0.98388
0.98388
0.98277
0.98626
0.98626
0.98626
0.98626
0.98409
0.98491
0.98679
0.98664
0.98652
0.98742
0.99346
0.98804
0.98634
0.98402
0.98699
0.98856
0.99196
0.99196
1.00895
0.99613
0.99574
0.99149
0.99426
0.99426
1.00027
0.99560
0.99560
0.99560
0.99860
0.99860
1.00003
1.00003
1.00003
0.99402
0.99928
0.99702
0.99677
0.99152
0.98865
0.98809
0.98879
0.99350
0.99350
0.99441
0.99441
0.98615
0.98795
0.98795
0.98724
0.98333
0.98114
0.98499
0.98548
0.97830
0.98094
0.97858
0.98782
0.98746
0.99169
0.99169
0.98924
0.99283
0.99036
0.99036
0.98623
0.98908
0.98863
0.98863
0.98856
0.98713
0.98413
0.98754
0.99152
0.99152
0.99345
0.99014
0.98874
0.98917
0.98492
0.98860
0.99420
0.99420
1.00231
0.99854
0.99558
0.99917
0.99258
0.98875
0.98504
0.98504
0.99267
0.99318
0.99318
1.00454
1.00727
1.01023
1.01384
1.01048
1.01048
1.01048
1.01631
1.01652
1.01277
1.00501
1.00501
0.99848
1.00186
1.00166
0.99970
1.00166
0.99905
0.99905
1.00065
0.99606
0.98909
0.98909
0.99542
0.99673
1.00152
1.00035
1.00249
1.00249
0.99913
0.99923
0.99291
0.98924
0.99598
0.99598
0.99898
0.99254
0.99329
0.99329
1.00125
0.99617
1.00061
1.00124
1.00952
1.00461
1.00608
1.00608
1.00380
1.00124
1.00376
0.99717
0.99251
0.99724
0.99724
0.99389
0.99457
0.99457
0.99457
0.99457
0.99578
0.99683
0.99922
1.00169
1.00019
1.00215
0.99231
0.99231
0.98600
0.98600
0.99336
0.99535
0.99228
0.98804
0.99447
0.99283
0.99283
0.99462
0.98777
0.98439
0.99434
0.99704
0.99500
0.99632
0.99705
0.99695
1.00190
1.00190
0.99666
0.99918
1.00512
1.00512
1.00474
1.01017
1.00881
1.00408
1.00658
1.00658
0.99969
1.00131
1.00131
1.00631
1.00540
1.00540
0.99638
0.99882
1.00022
0.99952
0.99945
1.00596
1.00566
1.01353
1.00695
1.00191
0.99680
0.99680
0.99724
0.98936
0.99152
0.99152
0.99515
0.98679
0.98679
0.98200
0.98224
0.98224
0.99722
0.99722
0.98917
0.97966
0.98886
0.99266
0.98355
0.98737
0.99001
0.99434
0.99198
1.00416
1.00416
1.00607
1.00770
1.00770
1.00561
1.00561
1.01017
1.00573
1.00770
1.00805
1.00724
1.00801
1.00870
1.00668
1.00820
1.00893
1.00015
0.99738
1.00600
1.00110
1.00110
1.00776
1.00776
1.01203
1.01693
1.01445
1.01181
1.00925
1.00925
1.00736
1.00219
1.00057
1.00163
1.00163
1.00163
1.00163
0.99701
0.99701
0.99747
0.99067
0.99006
0.99542
0.99308
0.99933
0.99551
0.99585
0.99585
1.00461
1.00461
1.00017
1.00017
1.00082
0.99702
0.99399
0.99399
0.99175
0.99663
0.99663
0.99663
1.00281
1.00511
1.00319
0.99957
1.00283
1.00177
0.99642
0.99542
0.99292
0.99292
0.99292
0.99210
0.99157
0.99157
0.99157
0.99317
0.99317
0.99317
1.00175
1.00175
1.00870
1.00894
1.00318
1.00973
1.00973
0.99602
0.99395
0.99596
0.99596
0.99130
0.98406
0.99334
0.98917
0.99643
0.99339
0.98996
0.99428
0.99051
0.99051
0.99051
0.99051
0.99440
0.99440
0.99440
0.99289
0.99228
0.98725
0.98747
0.98708
0.98708
0.98515
0.98359
0.98604
0.99351
0.99351
0.99514
0.99867
0.99144
0.99922
0.98228
0.98416
0.99175
0.98810
0.98810
0.98779
0.99327
