-12270.23876
-12303.46386
-12354.91065
-12302.19706
-12252.50888
-12278.46049
-12271.38730
-12255.95096
-12281.90460
-12285.76353
-12258.61410
-12206.23895
-12238.11066
-12247.60649
-12220.66107
-12254.08704
-12279.20568
-12297.45794
-12314.34843
-12250.65954
-12252.25587
-12274.43882
-12271.44444
-12235.30766
-12293.70523
-12249.56837
-12279.27879
-12383.36621
-12346.77827
-12319.21157
-12383.90263
-12329.86488
-12271.51875
-12259.81780
-12345.15468
-12345.34629
-12268.85743
-12318.93099
-12263.94112
-12276.89998
-12200.67630
-12281.40440
-12228.67736
-12218.89633
-12261.24313
-12254.28628
-12213.97939
-12211.76550
-12172.57245
-12220.92538
-12240.05147
-12246.65117
-12275.47028
-12302.69981
-12306.52910
-12352.73649
-12298.02297
-12263.70842
-12275.98999
-12295.92425
-12364.39152
-12343.25244
-12274.72864
-12298.22955
-12315.99253
-12282.38432
-12330.52850
-12317.10193
-12369.28605
-12347.44330
-12313.34544
-12223.30910
-12241.52512
-12218.95111
-12260.59668
-12288.36438
-12271.27230
-12231.48905
-12241.34252
-12301.18701
-12231.06254
-12261.09117
-12238.09331
-12253.61329
-12245.04470
-12310.11544
-12231.43556
-12200.44665
-12231.58139
-12236.12505
-12261.74991
-12215.16590
-12216.10003
-12178.42091
-12249.66812
-12170.11532
-12271.15247
-12253.81913
-12218.16784
-12279.31401
-12255.76407
-12236.18596
-12246.19550
-12176.20940
-12274.82037
-12239.41323
-12266.88457
-12312.66464
-12346.75819
-12313.05597
-12318.29647
-12361.59147
-12255.69740
-12185.08438
-12251.52440
-12271.79774
-12197.87482
-12159.07915
-12207.65370
-12212.30446
-12260.17757
-12266.68638
-12334.47587
-12234.70409
-12304.43110
-12283.12592
-12308.82063
-12322.62361
-12297.84089
-12312.58112
-12239.70253
-12256.02952
-12270.46559
-12293.43556
-12308.90054
-12285.35660
-12289.59144
-12195.55103
-12311.64298
-12298.90860
-12268.68778
-12271.70643
-12249.10105
-12280.58564
-12229.03487
-12266.74695
-12227.75654
-12318.84929
-12340.38580
-12335.96254
-12350.19031
-12325.13465
-12313.08805
-12303.92834
-12338.71582
-12330.92568
-12388.38779
-12373.84419
-12355.57893
-12324.38018
-12311.07866
-12289.81930
-12234.03815
-12295.13817
-12329.82679
-12299.61224
-12309.79461
-12256.45731
-12310.16657
-12287.97655
-12317.43609
-12341.11516
-12297.69579
-12264.79395
-12248.15235
-12311.26505
-12270.68957
-12314.31687
-12320.39747
-12294.46602
-12216.30387
-12224.39924
-12335.59637
-12309.02109
-12270.85075
-12339.09352
-12241.14530
-12288.61667
-12332.68300
-12274.35273
-12267.78677
-12340.99897
-12272.18763
-12247.05271
-12295.87039
-12282.08192
-12254.82940
-12268.54707
-12258.60615
-12217.25782
-12266.24765
-12261.62555
-12305.14369
-12249.83612
-12228.77359
-12248.55415
-12259.33697
-12259.79950
-12252.70305
-12279.56263
-12305.41465
-12325.06497
-12364.20283
-12353.80383
-12333.04078
-12312.36922
-12271.05823
-12303.16895
-12358.41871
-12356.13614
-12383.08769
-12361.66559
-12316.98625
-12359.42123
-12268.85926
-12312.77519
-12303.81926
-12324.74461
-12263.78778
-12271.20051
-12260.41996
-12243.40539
-12309.17434
-12336.71952
-12312.87468
-12297.30904
-12205.01039
-12267.71887
-12358.11363
-12312.16679
-12362.50841
-12387.38813
-12400.22172
-12369.58545
-12361.94121
-12348.39230
-12324.03330
-12313.10227
-12342.90219
-12308.13478
-12325.27452
-12297.61787
-12326.56182
-12385.70603
-12346.88528
-12391.92013
-12393.66734
-12346.53046
-12279.94912
-12252.29728
-12364.06177
-12299.68254
-12311.05169
-12363.05221
-12337.83638
-12233.01794
-12258.51251
-12200.07350
-12271.51493
-12256.81958
-12292.25163
-12303.73965
-12274.65436
-12270.67252
-12241.92471
-12246.12573
-12215.08330
-12210.00428
-12233.70422
-12304.17155
-12283.58620
-12254.74252
-12225.98559
-12249.23263
-12228.92655
-12213.73687
-12250.09310
-12256.28519
-12248.68743
-12286.95139
-12209.15091
-12272.64913
-12275.93102
-12291.06668
-12288.71182
-12204.29288
-12275.13218
-12249.07873
-12233.92856
-12231.96947
-12267.84624
-12270.73782
-12238.96838
-12223.23384
-12324.57020
-12369.89029
-12355.50370
-12307.23603
-12319.10298
-12286.79399
-12344.30674
-12356.06743
-12321.57765
-12334.70515
-12306.18970
-12251.39361
-12295.27185
-12343.16521
-12237.20727
-12269.32992
-12296.94817
-12295.58393
-12343.03648
-12352.12100
-12236.01148
-12221.41756
-12219.40194
-12269.98357
-12243.63840
-12162.79454
-12257.65379
-12275.35473
-12277.23408
-12273.39548
-12269.60971
-12258.14699
-12208.07591
-12210.68620
-12180.23380
-12166.61873
-12195.08132
-12215.15976
-12172.20366
-12194.24409
-12200.21844
-12258.72179
-12252.86322
-12147.24333
-12189.30714
-12209.05734
-12231.59961
-12276.86588
-12226.53216
-12242.66252
-12331.32463
-12277.50106
-12324.72123
-12335.20004
-12301.58933
-12350.57094
-12338.89477
-12276.07660
-12296.77512
-12319.66109
-12362.04052
-12254.67959
-12232.14488
-12222.43344
-12338.30523
-12283.65938
-12244.22671
-12269.17263
-12309.65630
-12293.82873
-12266.80484
-12345.92829
-12366.74032
-12281.72404
-12290.09147
-12261.21798
-12332.67180
-12237.04640
-12278.94893
-12128.81476
-12202.69950
-12197.31026
-12216.72960
-12284.99439
-12257.02014
-12265.86428
-12282.34676
-12306.99350
-12328.92454
-12297.63110
-12369.06429
-12355.81992
-12297.77455
-12343.78972
-12294.22963
-12275.10546
-12274.56786
-12254.77593
-12319.02794
-12250.76666
-12231.44450
-12244.14129
-12275.40414
-12326.53252
-12272.43552
-12265.41572
-12271.83614
-12282.09303
-12320.16699
-12315.20771
-12278.91828
-12331.20767
-12337.75813
-12279.26835
-12304.19209
-12255.84908
-12281.49538
-12256.56679
-12276.48945
-12253.84792
-12289.15652
-12271.42281
-12252.66172
-12253.36801
-12295.44436
-12255.37878
-12245.89355
-12274.84819
-12261.24979
-12193.02755
-12247.91234
-12239.35955
-12226.68991
-12250.07148
-12224.40698
-12197.18615
-12225.11718
-12201.60409
-12275.08063
-12222.94648
-12228.82325
-12252.66098
-12270.92636
-12305.02792
-12288.89815
-12327.70219
-12349.92379
-12377.67402
-12281.64384
-12302.85633
-12251.08690
-12222.73205
-12277.91385
-12205.14368
-12272.12482
-12218.55486
-12240.80605
-12232.51535
-12243.99857
-12123.27243
-12222.89928
-12237.17791
-12198.11466
-12222.93780
-12233.75272
-12147.54120
-12219.42906
-12169.77831
-12235.36127
-12169.71842
-12185.50749
-12262.70059
-12265.70187
-12165.34893
-12205.26014
-12237.83436
-12235.74972
-12215.25663
-12223.84466
-12260.85894
-12335.38460
-12288.10294
-12263.01288
-12324.52815
-12267.91227
-12298.10601
-12309.01668
-12273.96604
-12272.91104
-12191.45005
-12290.29159
-12243.93677
-12266.36262
-12290.98717
-12288.84262
-12274.11208
-12269.81984
-12350.52756
-12347.05686
-12418.66378
-12365.55275
-12342.74640
-12339.60269
-12269.94184
-12287.12589
-12290.72116
-12363.51308
-12322.65943
-12345.16062
-12317.35635
-12327.52566
-12273.41042
-12330.51862
-12360.53067
-12291.52735
-12335.39165
-12331.03828
-12331.82158
-12323.11619
-12303.27204
-12299.14839
-12280.10524
-12258.39691
-12259.27521
-12298.62949
-12266.43517
-12227.54234
-12314.18643
-12275.53161
-12268.06094
-12239.91776
-12149.36174
-12144.56791
-12206.07165
-12175.70991
-12214.47719
-12193.00464
-12270.82333
-12266.02055
-12299.56579
-12293.94105
-12249.53448
-12228.36372
-12238.22163
-12196.33016
-12234.86413
-12237.22197
-12275.62615
-12232.41225
-12294.71475
-12259.17133
-12255.38562
-12212.89345
-12199.42204
-12277.60681
-12242.90964
-12288.58593
-12261.03038
-12254.80028
-12245.08759
-12287.98061
-12244.60960
-12263.90124
-12214.17924
-12120.41367
-12229.43573
-12285.79221
-12284.86746
-12309.51251
-12301.41823
-12197.36421
-12240.49179
-12316.05533
-12264.96318
-12247.03118
-12329.37230
-12305.58141
-12307.87345
-12281.78793
-12336.90201
-12289.02830
-12250.24137
-12317.34119
-12264.83548
-12340.37965
-12293.20417
-12210.36640
-12213.26611
-12217.61170
-12232.06235
-12251.99598
-12330.87043
-12354.69385
-12386.91428
-12280.22264
-12319.24716
-12222.33923
-12245.50009
-12282.02831
-12305.90130
-12287.16523
-12321.27911
-12299.53545
-12272.53775
-12265.11853
-12277.10992
-12282.00940
-12203.70684
-12259.65367
-12208.32539
-12251.26764
-12284.78807
-12239.83250
-12202.06387
-12208.00849
-12195.49043
-12246.83052
-12214.53257
-12223.63171
-12226.23823
-12265.37498
-12257.53008
-12234.95542
-12238.53670
-12232.43481
-12234.95359
-12304.81219
-12330.76482
-12327.04337
-12275.67935
-12246.75774
-12290.89053
-12284.14031
-12282.97713
-12331.37650
-12267.34307
-12293.05182
-12226.52328
-12220.02278
-12288.09973
-12302.77351
-12221.76572
-12216.98200
-12286.69019
-12250.59762
-12263.97314
-12259.01647
-12251.20378
-12182.36307
-12234.75618
-12215.67158
-12216.52798
-12224.58194
-12283.80547
-12308.08662
-12336.65575
-12298.29012
-12313.51178
-12333.14883
-12251.74292
-12223.88383
-12274.57518
-12284.26072
-12274.62399
-12284.91588
-12218.50683
-12242.83701
-12213.36112
-12282.58530
-12269.93228
-12258.31752
-12241.41314
-12262.65863
-12254.07753
-12208.06899
-12269.09521
-12253.62035
-12284.48672
-12193.28833
-12205.50944
-12168.17528
-12167.15846
-12196.83227
-12202.49508
-12184.62613
-12177.15611
-12192.93738
-12200.23046
-12171.05865
-12221.87763
-12224.28742
-12212.11129
-12248.07278
-12326.30040
-12316.62106
-12251.40766
-12285.33252
-12308.43327
-12326.01639
-12344.97076
-12353.95784
-12326.00690
-12314.08533
-12369.95831
-12293.70178
-12275.67569
-12258.86186
-12247.02685
-12282.09902
-12348.62945
-12278.29579
-12216.94223
-12249.38881
-12261.39206
-12201.25113
-12259.97448
-12281.53036
-12206.92018
-12265.96090
-12274.19148
-12336.76568
-12289.12556
-12272.98601
-12269.14519
-12227.00769
-12210.38579
-12235.82246
-12272.65834
-12297.67922
-12312.34782
-12261.16235
-12270.08912
-12281.83929
-12257.23576
-12314.12617
-12177.60976
-12293.13612
-12209.25088
-12286.25884
-12227.34756
-12261.37123
-12246.56061
-12193.42785
-12177.71286
-12272.87868
-12256.84616
-12251.36704
-12263.65444
-12257.12440
-12290.66237
-12286.06416
-12306.52385
-12271.54980
-12257.54451
-12196.00189
-12225.59524
-12277.29122
-12237.85281
-12261.00705
-12279.22579
-12284.62219
-12231.13748
-12256.11304
-12383.90611
-12322.71424
-12235.43261
-12384.93129
-12289.85624
-12327.87910
-12357.93743
-12272.00303
-12340.76171
-12328.50097
-12357.53616
-12309.92338
-12347.97577
-12329.92977
-12313.58476
-12356.26851
-12338.06383
-12346.19781
-12331.04699
-12316.06890
-12278.71971
-12227.37476
-12292.90586
-12284.71029
-12235.67081
-12206.53716
-12290.62426
-12232.68764
-12262.89396
-12182.92350
-12218.23224
-12277.73571
-12187.47386
-12215.80611
-12226.14147
-12268.55672
-12264.49956
-12244.75857
-12250.47745
-12239.20563
-12251.61644
-12277.76159
-12278.59667
-12275.42158
-12258.52477
-12238.79836
-12265.27892
-12211.02500
-12270.80726
-12251.84273
-12274.39146
-12294.20212
-12285.61810
-12303.05759
-12326.42940
-12370.09279
-12376.90930
-12316.22276
-12290.87580
-12341.01473
-12360.23118
-12339.40196
-12360.88060
-12347.05573
-12327.62686
-12380.98980
-12316.29668
-12336.73120
-12345.49499
-12373.28408
-12340.64455
-12397.17005
-12374.22805
-12335.54340
-12247.74824
-12239.03434
-12235.66602
-12222.54984
-12199.38921
-12203.91461
-12256.38432
-12292.17356
-12271.68776
-12263.31442
-12265.58666
-12280.12120
-12282.56236
-12271.92269
-12248.24174
-12260.71891
-12323.75899
-12319.32412
-12280.37595
-12271.55655
-12250.16418
-12255.63615
-12313.35207
-12313.42822
-12270.94660
-12320.40209
-12277.97563
-12343.10924
-12370.24505
-12342.11724
-12279.07679
-12255.25325
-12316.53546
-12291.32613
-12293.22997
-12219.52688
-12331.15127
-12313.73611
-12383.20680
-12362.99205
-12346.68980
-12367.07935
-12294.08173
-12241.76742
-12314.70714
-12331.20745
-12396.78275
-12271.24013
-12326.46428
-12296.12564
-12386.01119
-12276.86474
-12301.57039
-12271.73055
-12249.47861
-12323.87196
-12297.64215
-12354.37173
-12246.96907
-12245.85659
-12326.30668
-12285.10692
-12280.50476
-12308.64384
-12375.49571
-12259.54682
-12297.51438
-12324.74318
-12357.35196
-12324.64107
-12316.34522
-12313.08587
-12310.78122
-12255.53996
-12337.20828
-12311.55779
-12291.85424
-12324.42060
-12325.42535
-12290.45718
-12361.20816
-12285.05193
-12323.91332
-12301.78540
-12298.78302
-12239.31106
-12241.46723
-12245.80656
-12254.47732
-12259.26001
-12311.16181
-12330.50696
-12348.74978
-12339.87393
-12346.83015
-12359.19379
-12425.89604
-12365.23219
-12260.50367
-12264.50697
-12276.03772
-12298.31960
-12283.79250
-12289.87555
-12318.94342
-12296.07412
-12410.70404
-12326.79909
-12320.18137
-12330.78460
-12351.17866
-12318.27795
-12321.88478
-12320.29350
-12282.12157
-12232.70719
-12205.95337
-12268.75934
-12289.69015
-12353.70708
-12262.19223
-12333.20779
-12267.57209
-12292.70328
-12314.68803
-12326.86696
-12357.49505
-12298.97948
-12282.21044
-12264.38500
-12276.88863
-12258.17223
-12260.92134
-12265.25966
-12217.46151
-12274.85425
-12352.40767
-12283.47711
-12218.33554
-12269.61677
-12308.79286
-12225.45827
-12277.89044
-12330.64432
-12298.03444
-12245.14640
-12201.04567
-12262.49889
-12291.34780
-12263.84225
-12314.64990
-12369.51901
-12295.44439
-12300.92956
-12343.09026
-12339.93587
-12272.17780
-12241.32103
-12228.56489
-12283.35137
-12314.33348
-12255.57040
-12300.33956
-12240.13264
-12282.93873
-12237.19263
-12289.30528
-12337.21812
-12291.40266
-12294.74109
-12292.40630
-12291.67481
-12323.30345
-12323.45552
-12270.00228
-12329.95927
-12248.17867
-12308.66422
-12257.35870
-12296.75472
-12260.20656
-12231.48580
-12277.57612
-12318.60876
-12290.47743
-12354.19927
-12343.96772
-12344.20152
-12338.52153
-12357.13596
-12312.11473
-12292.54816
-12318.22771
-12288.47734
-12378.61080
-12339.85951
-12310.73236
-12292.36508
-12320.38218
-12347.11710
-12315.80502
-12352.04877
-12274.35872
-12298.29802
-12251.15634
-12290.40716
-12274.77737
-12260.58317
-12288.15431
-12338.43958
-12274.35247
-12290.92293
-12309.35709
-12216.18546
-12167.75532
-12231.36897
-12255.40213
-12241.20204
-12253.84335
-12196.97178
-12148.91766
-12194.31333
-12187.92671
-12213.22614
-12211.04789
-12159.48071
-12269.20644
-12289.38316
-12284.84681
-12312.06318
-12274.41669
-12247.94388
-12351.24016
-12261.32687
-12321.46218
-12264.61108
-12352.85332
-12332.00015
-12332.75228
-12272.69932
-12194.38698
-12235.35634
-12247.25558
-12298.02028
-12359.31320
-12339.55350
-12294.59073
-12290.89657
-12205.23678
-12224.81408
-12157.62114
-12265.88060
-12223.36804
-12272.45451
-12181.64351
-12306.45651
-12224.70018
-12278.43738
-12307.77033
-12259.30638
-12289.29101
-12365.68112
-12305.87693
-12332.31641
-12318.58209
-12366.92755
-12347.27601
-12301.30454
-12361.06778
-12408.07693
-12354.85408
-12370.62730
-12365.22020
-12305.43064
-12248.69330
-12263.33168
-12244.90205
-12219.32938
-12281.91640
-12291.51211
-12333.47164
-12260.28179
-12253.71308
-12289.89433
-12249.36564
-12285.52863
-12287.96514
-12249.97697
-12230.97019
-12279.85348
-12258.34174
-12235.24431
-12359.74785
-12315.70610
-12225.02434
-12288.42785
-12227.20196
-12310.44487
-12336.26625
-12273.04135
-12249.41380
-12323.75052
-12263.33382
-12260.12153
-12333.86578
-12302.96778
-12333.08298
-12247.14359
-12235.21383
-12270.48077
-12238.25329
-12249.17904
-12233.23280
-12210.44339
-12291.29167
-12254.36555
-12304.21472
-12231.55792
-12252.32930
-12229.50671
-12231.61974
-12240.40810
-12218.34758
-12282.82941
-12294.63622
-12300.52013
-12316.09656
-12186.47099
-12205.74072
-12213.65698
-12268.90846
-12305.26754
-12321.56011
-12308.35898
-12324.69131
-12243.74366
-12248.45553
-12311.66816
-12325.98489
-12337.14530
-12288.30704
-12264.64208
-12300.20401
-12313.76205
-12245.00606
-12244.56084
-12227.03196
-12250.60794
-12324.56933
-12218.61176
-12233.78965
-12226.34845
-12303.22362
-12302.76715
-12243.25630
-12236.88410
-12228.17852
-12206.22989
-12247.32258
-12209.19100
-12280.31696
-12259.82490
-12284.11361
-12291.85039
-12301.31351
-12283.43304
-12272.33986
-12155.00879
-12240.49475
-12204.55233
-12173.47697
-12179.84836
-12136.99685
-12171.18591
-12166.10233
-12144.16654
-12203.37384
-12169.36794
-12229.16465
-12225.54920
-12271.98959
-12330.88407
-12279.23619
-12248.23088
-12237.95405
-12210.08879
-12212.85242
-12193.87403
-12203.07307
-12215.94629
-12244.18789
-12221.26335
-12230.74608
-12207.80897
-12226.70800
-12245.20157
-12250.47882
-12140.65527
-12155.77717
-12100.83511
-12137.30627
-12145.54036
-12189.25460
-12238.36258
-12280.62195
-12301.00268
-12285.15564
-12228.07699
-12259.04241
-12237.49718
-12269.51256
-12259.81705
-12317.58321
-12323.29952
-12251.55707
-12309.58411
-12252.80646
-12263.32618
-12341.78325
-12176.30078
-12227.10219
-12190.04449
-12228.75002
-12219.95609
-12208.33635
-12209.00406
-12237.91873
-12265.51150
-12266.54691
-12301.80491
-12317.17042
-12340.53108
-12305.75437
-12285.33836
-12225.28360
-12282.26519
-12253.05325
-12209.88510
-12264.35261
-12257.21309
-12286.02837
-12328.52747
-12359.94293
-12288.31450
-12321.54838
-12284.21130
-12240.70898
-12272.08637
-12227.85270
-12232.03004
-12259.82234
-12292.70734
-12278.28243
-12272.88245
-12206.61891
-12253.75307
-12334.80019
-12306.24364
-12240.26358
-12272.10114
-12204.62304
-12247.69426
-12238.94760
-12234.16447
-12268.60891
-12288.36748
-12260.04408
-12252.80227
-12217.97504
-12267.91580
-12260.62354
-12312.25308
-12272.03217
-12258.69990
-12260.81484
-12221.28428
-12225.42712
-12241.30573
-12206.48904
-12249.07477
-12309.84538
-12276.67158
-12236.09001
-12269.00995
-12257.06389
-12290.08084
-12223.11898
-12282.71044
-12287.36823
-12281.32217
-12308.64404
-12372.89344
-12340.62579
-12306.88925
-12311.10235
-12287.81666
-12191.65457
-12215.24846
-12167.70270
-12196.58598
-12155.73272
-12238.02261
-12228.44809
-12319.68243
-12263.41131
-12270.08739
-12249.22366
-12228.79002
-12330.01893
-12197.54436
-12284.54729
-12267.89517
-12271.38988
-12226.98358
-12243.34209
-12241.27598
-12309.54653
-12244.46862
-12273.21467
-12277.72747
-12289.09605
-12269.56228
-12247.09417
-12251.19168
-12320.96286
-12265.81123
-12282.01872
-12291.66607
-12243.70990
-12268.10456
-12224.10777
-12272.84175
-12188.43099
-12275.09193
-12221.27621
-12287.91184
-12228.25245
-12294.06019
-12302.93060
-12323.69583
-12277.47377
-12327.01802
-12307.22222
-12336.00464
-12270.11631
-12291.57810
-12282.97175
-12277.57016
-12187.93769
-12207.65552
-12201.09430
-12269.14709
-12283.40337
-12248.23972
-12293.31923
-12260.60782
-12310.82022
-12310.12517
-12192.69089
-12277.86983
-12217.63415
-12299.75669
-12320.60765
-12290.10599
-12309.99331
-12252.83573
-12243.74679
-12235.37401
-12284.68520
-12260.44930
-12223.34310
-12229.23358
-12330.55479
-12252.42180
-12283.68732
-12214.76652
-12262.51328
-12283.54187
-12290.45807
-12242.33974
-12280.33112
-12215.98371
-12240.01145
-12267.49606
-12303.02842
-12332.38095
-12324.94440
-12347.85762
-12325.69064
-12320.70987
-12368.40455
-12303.04689
-12301.51895
-12293.18280
-12318.59900
-12318.01621
-12281.67724
-12282.27197
-12257.53284
-12241.12411
-12277.15064
-12249.47136
-12233.26772
-12273.91869
-12236.59055
-12233.50615
-12138.11692
-12194.96305
-12221.30662
-12301.76265
-12284.14229
-12248.47644
-12252.49288
-12239.67713
-12302.37038
-12269.22236
-12272.08480
-12311.01597
-12307.33560
-12321.23314
-12303.17971
-12348.47933
-12346.96593
-12340.20948
-12360.44894
-12219.36866
-12267.38245
-12293.48055
-12230.63417
-12297.97524
-12319.39386
-12353.93160
-12322.19832
-12225.45572
-12321.08408
-12299.61286
-12276.04986
-12269.37021
-12323.75122
-12258.37047
-12245.57263
-12224.63362
-12232.69289
-12232.73948
-12225.87667
-12243.55990
-12267.53620
-12259.23493
-12263.09548
-12276.62887
-12274.01999
-12254.13209
-12280.84506
-12254.20064
-12245.33417
-12264.38082
-12240.88428
-12345.91054
-12248.95762
-12255.64717
-12285.48851
-12230.37077
-12340.83481
-12349.43093
-12299.43289
-12247.56126
-12282.63190
-12270.37820
-12294.94867
-12263.83400
-12278.92755
-12215.57008
-12244.99731
-12258.15084
-12290.52193
-12356.31928
-12302.14780
-12306.08825
-12353.24325
-12402.17248
-12380.40048
-12354.12511
-12361.36134
-12387.27091
-12331.67925
-12319.04452
-12229.20487
-12287.09739
-12235.72308
-12284.33023
-12266.68181
-12197.85957
-12181.89184
-12191.04411
-12198.03056
-12281.10680
-12245.59570
-12248.15976
-12262.63828
-12280.85773
-12242.32250
-12281.31644
-12235.91176
-12263.74584
-12247.92064
-12334.14395
-12288.01911
-12328.58284
-12290.45566
-12217.36508
-12270.51557
-12253.29762
-12317.23846
-12182.61254
-12116.60508
-12166.08918
-12195.97842
-12182.67850
-12233.54728
-12209.66208
-12185.21398
-12234.77522
-12242.47388
-12231.88176
-12231.91093
-12264.29043
-12224.34076
-12205.75813
-12228.35750
-12203.44423
-12309.43115
-12317.23083
-12377.59031
-12344.59584
-12334.08972
-12329.71987
-12351.72237
-12325.90318
-12322.75716
-12363.79147
-12334.06794
-12276.75193
-12309.03531
-12302.85398
-12291.00469
-12204.51017
-12245.86709
-12309.70267
-12266.74418
-12228.93080
-12247.23562
-12303.14943
-12285.73538
-12268.09406
-12246.65286
-12242.22722
-12325.73435
-12333.70260
-12334.21935
-12357.99946
-12278.77020
-12285.45814
-12301.15336
-12301.25856
-12290.35494
-12312.22591
-12302.12063
-12294.64955
-12305.59811
-12292.52247
-12259.46896
-12245.22803
-12236.52670
-12227.86094
-12293.42839
-12232.94694
-12304.28496
-12239.10860
-12255.96077
-12264.29114
-12317.95638
-12361.24108
-12333.53008
-12292.02889
-12313.79291
-12238.13929
-12277.65963
-12308.90784
-12212.50286
-12199.52889
-12137.01551
-12211.96797
-12182.81453
-12183.25153
-12193.18578
-12243.46262
-12205.71314
-12156.25366
-12159.75752
-12189.88938
-12168.35900
-12227.41611
-12171.11260
-12184.23324
-12235.95346
-12283.37431
-12244.50381
-12223.41234
-12243.73583
-12307.45233
-12241.76852
-12220.95220
-12237.75533
-12285.85105
-12267.84744
-12315.54907
-12287.43101
-12241.85203
-12245.29632
-12265.36996
-12165.77545
-12196.66042
-12226.86475
-12155.09595
-12176.53144
-12230.95707
-12242.09927
-12218.98517
-12317.53453
-12253.25674
-12327.09095
-12302.81720
-12337.78902
-12350.45736
-12371.55118
-12350.67351
-12335.17867
-12331.05767
-12354.62025
-12394.09797
-12309.27785
-12328.46727
-12251.23718
-12293.53358
-12288.98278
-12340.74367
-12287.13479
-12296.54764
-12319.85719
-12365.77686
-12347.22688
-12243.47860
-12260.34825
-12263.69595
-12248.96967
-12207.66249
-12221.13056
-12240.11564
-12199.04960
-12174.89457
-12207.87164
-12220.83709
-12208.17570
-12256.48645
-12200.54988
-12213.59325
-12195.06062
-12185.19540
-12283.28130
-12274.83622
-12243.62794
-12150.99189
-12304.90801
-12317.68947
-12308.16375
-12351.15077
-12356.22792
-12301.17881
-12275.15154
-12349.85287
-12296.50007
-12241.67259
-12294.69419
-12267.04271
-12234.81276
-12284.39381
-12235.73747
-12273.72641
-12231.88032
-12283.31761
-12217.61009
-12217.55916
-12198.22138
-12215.15171
-12252.08777
-12254.11093
-12229.72658
-12266.84546
-12221.39704
-12287.81927
-12279.39519
-12305.93244
-12223.44994
-12286.60925
-12272.78561
-12216.50212
-12228.43141
-12290.11861
-12344.10182
-12337.35872
-12294.23872
-12280.61307
-12300.09482
-12212.95255
-12235.96640
-12251.21865
-12289.82240
-12274.38198
-12257.84024
-12330.25576
-12362.20093
-12304.29707
-12294.80533
-12298.27283
-12246.39050
-12346.01641
-12271.72230
-12244.47794
-12150.44058
-12205.34845
-12258.68686
-12230.90431
-12178.91445
-12178.69191
-12209.01984
-12219.35531
-12267.87863
-12226.37967
-12267.54786
-12280.39891
-12323.55569
-12303.47021
-12282.60316
-12258.23429
-12326.86259
-12231.32364
-12193.84330
-12211.79053
-12214.38946
-12208.81496
-12303.57019
-12247.68144
-12213.55585
-12203.16458
-12226.17377
-12220.72566
-12219.01738
-12288.39977
-12271.51025
-12315.03694
-12201.97924
-12227.53016
-12266.56902
-12247.83462
-12207.16233
-12194.89884
-12243.57646
-12306.58168
-12239.06169
-12358.56252
-12260.10992
-12236.58835
-12284.33117
-12258.79285
-12222.70661
-12265.71307
-12186.87791
-12319.72875
-12283.02046
-12336.05990
-12253.11636
-12222.47546
-12256.79497
-12311.80596
-12284.00750
-12275.57535
-12334.40163
-12348.75172
-12345.17454
-12326.11642
-12344.09477
-12300.07415
-12295.89882
-12304.44164
-12308.67808
-12311.87876
-12272.01807
-12246.96778
-12258.12250
-12260.31768
-12295.38880
-12272.06132
-12274.22357
-12248.60148
-12312.87561
-12307.07812
-12355.37693
-12310.09370
-12361.58769
-12426.64354
-12308.75353
-12319.01805
-12345.73821
-12298.25755
-12348.44048
-12353.31693
-12342.37932
-12282.99039
-12241.19670
-12224.02095
-12284.98654
-12287.18257
-12362.58808
-12336.19468
-12305.28436
-12278.77247
-12281.63049
-12248.42427
-12273.39770
-12244.65319
-12271.87910
-12208.24843
-12201.83089
-12277.47470
-12296.30610
-12204.86122
-12194.88748
-12280.70637
-12261.63376
-12244.62711
-12340.00866
-12308.12159
-12355.81534
-12345.65195
-12267.10545
-12316.41420
-12347.70927
-12356.14785
-12354.46935
-12312.88946
-12295.58780
-12313.70603
-12247.16769
-12272.47652
-12268.81271
-12295.83075
-12298.82853
-12321.97380
-12295.55778
-12268.34507
-12331.79211
-12346.50586
-12321.91895
-12306.47777
-12210.78879
-12255.51876
-12281.44836
-12238.97130
-12241.43979
-12282.40489
-12326.13169
-12259.81654
-12303.41057
-12308.22676
-12262.55575
-12318.59165
-12289.71276
-12321.36675
-12246.26425
-12207.39716
-12193.45580
-12273.46540
-12243.22195
-12294.39444
-12249.50510
-12263.93617
-12249.55167
-12297.76229
-12255.86164
-12213.70717
-12251.82830
-12209.43441
-12205.05184
-12173.97313
-12291.83556
-12267.39406
-12243.31734
-12248.33684
-12330.30068
-12261.71294
-12268.27689
-12254.63294
-12252.44056
-12278.07367
-12270.79350
-12218.78025
-12287.95606
-12288.91889
-12289.56071
-12316.17888
-12284.80328
-12372.32083
-12317.66659
-12411.14409
-12356.79378
-12387.16517
-12413.10795
-12364.97586
-12347.83887
-12336.31368
-12366.20932
-12329.18361
-12329.24986
-12339.53252
-12312.27535
-12300.72216
-12342.31945
-12324.78238
-12286.57480
-12179.66003
-12149.23107
-12219.76214
-12235.57910
-12271.97463
-12249.41320
-12275.57737
-12276.93715
-12250.08584
-12350.23683
-12346.07085
-12248.52138
-12248.76822
-12271.55178
-12254.70387
-12245.52730
-12280.43223
-12263.16737
-12273.55101
-12242.92050
-12316.96959
-12317.27731
-12315.50397
-12302.25121
-12298.80386
-12309.01102
-12411.32583
-12359.61013
-12277.45704
-12305.02677
