29833.10476
29855.54344
29667.83134
29720.85772
30007.70426
30059.28944
29986.16359
30085.95755
30085.95755
30085.95755
30054.52735
30054.52735
29984.79594
29984.79594
29984.79594
30326.80287
30326.80287
30155.22746
30155.22746
30076.80783
30076.80783
29991.09229
29993.49766
29758.46272
29877.90471
29877.90471
29992.59000
29991.45700
29991.45700
29762.48403
29762.48403
30013.30962
29993.18932
29709.43870
29667.87527
29690.56825
29866.74314
29862.75721
29862.75721
29862.75721
30148.85625
30297.48056
30297.48056
30298.19822
30298.19822
30216.90102
30332.15552
30175.57086
30191.86492
30141.32800
30141.32800
30262.44018
30262.44018
30213.30184
30230.28637
30092.85327
29965.38644
30027.46483
30027.46483
30017.39386
30087.96892
30100.53009
30215.32905
30215.32905
30215.32905
30215.32905
30215.32905
30215.32905
30215.32905
29919.46207
29919.46207
30081.84332
29778.61464
29778.61464
29790.13793
29790.13793
29790.13793
29790.13793
29774.16123
29710.34955
29618.26434
29858.07160
29858.07160
29794.96028
29963.47224
29963.47224
30106.21705
30115.69437
30115.69437
30137.51575
30137.51575
30239.35019
30239.35019
30382.38409
30652.21331
30412.80117
30547.63858
30547.63858
30449.03047
30734.32205
30665.23958
30599.51047
30543.65804
30240.07131
30049.92815
29862.03521
29899.10911
29899.10911
29999.47815
30302.25279
30365.90293
30393.50654
30437.21679
30484.05768
30378.87804
30449.02260
30410.43558
30274.77154
30274.77154
30272.66379
30020.24954
29723.95466
29659.30432
29517.83571
29394.88370
29394.88370
29394.88370
29820.78183
29911.42578
29671.57574
29529.07143
29491.21768
29263.07756
29146.49046
29231.93494
29166.64742
29269.97913
29304.68018
29559.34542
29595.15366
29725.71588
29724.86751
29662.44990
29810.67254
29810.67254
29732.02285
29732.02285
29690.56946
29739.38786
29972.63398
29972.63398
29972.63398
29933.04769
29698.72592
29698.72592
29931.25225
29799.97709
29799.97709
29799.97709
29928.18532
29930.75004
29930.75004
29880.78829
29880.78829
29969.39095
29960.46963
30233.70370
30288.47352
30288.47352
29990.95337
29918.67085
29974.33591
30161.70681
30348.94011
30304.76360
30211.29507
30249.88005
30306.33269
30285.74455
30285.74455
30355.26696
30355.26696
30369.58215
30326.30798
30179.93978
30158.31257
30257.66464
30123.58240
30214.53556
30136.87319
30054.03534
30143.75794
30143.75794
30143.75794
30143.75794
30194.94935
30311.78529
30231.19630
30417.30491
30426.68044
30504.66786
30462.14614
30462.14614
30244.91644
30263.94365
30455.52221
30415.60818
30125.49912
30125.49912
30125.49912
30125.49912
30490.54460
30511.96398
30309.91918
30136.01659
29965.33113
29965.33113
30043.23634
30043.23634
29860.85637
29860.85637
29844.62706
29953.35987
29803.81763
29844.78116
29844.78116
29844.78116
29969.29144
30153.58458
30299.60733
30299.60733
30260.27657
30097.85383
29975.14944
29967.65709
29879.26196
29996.51720
30120.66593
30120.66593
30266.62391
30175.88320
29983.77989
29918.64370
29918.64370
30071.98105
30071.98105
30071.98105
30071.98105
30307.88588
30083.73864
30083.73864
30009.49898
30009.49898
30034.25098
30152.05203
30152.05203
30261.90896
30297.20533
30079.60518
29882.70095
29734.02235
29755.07069
29506.60605
29550.94585
29551.63617
29926.64068
29926.64068
30057.84839
30063.49974
30063.49974
30045.90168
29947.12528
29925.04255
29876.10663
29876.10663
29910.54903
29971.73495
29965.61453
29980.89946
30056.58759
30056.58759
30020.65867
30114.94022
29984.22353
29945.41712
30166.86106
30090.70741
30005.04956
30055.28878
30055.28878
30031.53883
29924.32048
29656.76168
29858.46724
30084.04741
29847.97262
29824.57411
30182.60527
30182.60527
30146.98695
30149.39450
30097.26959
30154.47200
30274.51095
30248.96434
29796.49088
29844.94495
30025.69726
29756.91662
30085.97272
30197.77209
30118.45063
30118.45063
29954.41210
29917.91064
30158.62635
30265.15854
30293.76769
30274.91407
30285.31752
30381.09858
30212.56321
30113.20915
30113.88840
30144.01436
30082.72410
30126.01843
30007.17260
30007.17260
29764.77883
29764.77883
29764.77883
29764.77883
29805.74359
29805.74359
29848.36600
29966.97849
29707.22243
29781.56156
29621.44888
29693.43913
29693.43913
29747.58704
29746.32842
29760.60735
29813.54549
29813.54549
29813.54549
29840.27377
29689.56938
29657.78937
29471.94297
29471.94297
29638.76043
29638.76043
29703.62066
29835.58156
29673.02190
29678.46689
29785.95831
29773.83750
29758.56229
29979.03056
29916.66482
29803.35739
30120.85802
30042.35177
30042.35177
30042.35177
30042.35177
30042.35177
29875.80443
29875.80443
29874.93300
29897.72933
29812.44724
29390.73905
29390.73905
29390.73905
29324.12701
29365.02743
29365.02743
29526.62825
29794.51694
29784.73324
29784.73324
29784.73324
29854.35194
29760.99665
29524.02175
29712.25528
29553.58505
29496.80778
29690.14574
29672.99763
29565.77962
29631.64175
29661.64207
29721.10972
29736.30654
29807.57141
29735.43588
29783.60217
29907.58047
29907.58047
29898.44067
29661.89753
29661.89753
29661.89753
29748.83550
29859.14708
29859.14708
29859.14708
29669.99125
29669.99125
29560.70413
29560.70413
29591.26740
29591.26740
29635.94177
29784.60615
29834.37662
29919.40150
29899.45992
29899.45992
29904.16104
30034.18306
29697.12333
29782.16416
29782.16416
29731.79375
29732.31431
29732.31431
29728.55355
29619.43991
29412.14651
29430.63906
29430.63906
29650.89441
29694.13003
29721.33382
29740.41649
29740.41649
29553.79175
29556.42169
29564.35353
29363.74630
29363.74630
29363.74630
29461.48196
29461.48196
29551.37757
29961.33759
30127.11739
30127.11739
30060.39738
29997.75108
29905.04072
29905.04072
29945.80701
30068.66859
30063.90840
30063.90840
30233.20972
30233.20972
30233.20972
30084.95313
30084.95313
30209.43840
30209.43840
30261.80854
30261.80854
30176.35036
29861.55266
29814.25298
29931.61294
29931.61294
29931.61294
29931.61294
29931.61294
29803.08861
30187.25329
30180.23919
30154.46038
30104.61793
30194.09735
30194.09735
30316.99505
30282.13917
30332.68887
30332.68887
30153.13978
30211.95977
30211.95977
30100.81969
30100.81969
30014.38869
29960.35140
29956.19479
29943.30742
29927.50174
29892.07037
29863.83000
29869.44103
30155.95630
30155.95630
30155.95630
30248.86082
30245.58668
30245.58668
30027.40529
30027.40529
30027.40529
30027.40529
30027.40529
30183.63989
30285.80159
30233.04110
30060.57553
29959.49442
29959.49442
30045.41873
29959.88382
29962.49076
29907.39017
29835.21967
29931.58888
29922.95331
29888.45402
30167.30138
30167.30138
30026.06801
30106.95559
30011.32922
30076.74001
30441.77517
30447.86407
30447.86407
30447.86407
30252.88519
30113.00945
30165.74435
29955.67625
29871.47278
30208.32576
30234.20997
30359.65090
30413.06903
30260.21491
30425.05834
30311.79774
30356.68262
30356.68262
30356.68262
30356.68262
30216.80941
30203.58111
30222.56705
30140.50057
30146.98114
30089.72320
29798.88686
30003.48398
30260.13817
29981.33531
29981.33531
29928.55951
29924.79801
29669.71177
29607.90206
29607.90206
29588.14770
29904.83614
29904.83614
29904.37595
30042.18082
30225.00754
30299.72301
30060.96163
30053.65711
29869.01592
29857.19339
29828.40357
30028.84523
29989.85588
30051.19006
29761.80661
29754.40150
29792.45797
29831.66332
29842.39650
29754.51434
29754.51434
29754.51434
29754.51434
29871.69642
30005.55555
29806.76369
29738.17555
29784.77541
29856.22986
29856.22986
29897.41138
29897.41138
29839.73944
29873.57090
30092.69878
30140.79791
30166.54821
30222.48458
30222.48458
30222.48458
30382.12717
30234.65681
30207.42643
30360.34174
30365.49296
30380.11292
30231.86276
30066.20282
30010.74492
29735.64658
29839.45545
29645.46023
29722.50308
29747.80921
30005.51806
29814.23297
29814.23297
30068.58557
29829.80972
30049.45799
30006.33929
30176.32733
30246.43256
30202.18643
30202.18643
30388.76598
30305.49590
30065.90413
29954.01263
30029.84479
30029.84479
29760.20080
29730.36971
29599.49564
29706.69443
30012.62699
30012.62699
30012.62699
30012.62699
29952.19260
29952.19260
30048.57826
29772.63728
29776.62827
29776.62827
29706.63612
29715.85166
29586.72740
29586.72740
29746.77481
29746.77481
29812.49933
29761.77221
29996.10220
29950.77289
29747.66261
29776.33535
29947.48465
29896.30690
29896.30690
29896.30690
29882.84869
29773.86289
29854.63163
29865.14256
29872.13358
29807.70283
29823.02149
29781.51838
29872.81879
29872.81879
30107.66912
30107.66912
30144.08534
29915.41821
30014.36367
30014.36367
30014.36367
30260.23086
29910.40972
30086.40531
30086.40531
30086.40531
29867.98595
29766.72337
29737.21366
29684.33910
29883.58444
29777.42550
29778.29459
29778.29459
29822.65192
29993.19529
29967.41904
29967.41904
29967.41904
29967.41904
29979.61920
29979.61920
30077.50736
30077.50736
30090.82125
30154.63553
30195.64473
30195.64473
30195.64473
30525.90608
30207.64153
30289.22106
30288.99832
30288.99832
30209.31814
30059.83876
30099.93113
30153.33482
29975.86626
29918.95669
29892.71252
29892.71252
29969.55303
29931.84215
30005.91226
30005.91226
29898.31213
29917.56923
29815.73639
29782.82317
29917.57941
29805.93383
29838.64081
29987.90847
29987.90847
29991.55463
30106.06589
30166.31411
29942.05402
29837.30716
29944.37144
30038.94585
30138.54413
30102.19943
30243.65821
29971.36661
30247.61031
30247.61031
30298.08831
30060.81711
30129.71557
30129.71557
30237.93192
30125.73555
30218.33614
30228.75920
29939.77772
29939.77772
29939.77772
29939.77772
30024.56060
29785.63883
29835.52048
29819.62223
29819.62223
29819.62223
29738.41853
29738.41853
29866.67914
29866.67914
29915.65174
30052.50483
30054.52968
29921.59041
29882.13205
29983.02549
29994.65219
29919.59397
30080.74400
30080.74400
29825.74430
29990.96873
30066.92017
30066.92017
30066.92017
30066.92017
30244.83856
30337.70938
30402.84791
30350.19880
30393.56287
30194.61830
30239.02482
30211.46498
30211.46498
30301.67161
30379.26289
30379.26289
30308.88364
30304.91230
30122.34715
30122.34715
30038.91132
29815.57922
29832.43576
29722.50598
29791.16550
29798.72107
29558.10266
29474.35411
29388.38360
29457.44196
29323.52042
29323.52042
29356.68468
29388.62442
29538.79067
29409.67656
29677.38527
29554.42819
29626.22265
29654.15574
29749.02650
29749.02650
29806.07345
29806.99228
29825.66930
29836.17497
29556.88471
29556.88471
29694.44417
29759.39574
29751.14698
29934.22701
29918.05949
29906.72826
29886.94327
29984.58858
29945.60154
29943.76780
29809.16099
29646.86198
29664.34837
29664.34837
29550.94394
29725.10249
29725.10249
29900.08930
29965.39715
29946.04783
29728.01608
29841.50122
30089.88016
29900.88042
29900.88042
29900.88042
30135.17009
30288.30343
30139.66548
30072.30239
30019.09283
30019.09283
29971.10284
29971.10284
30043.91459
30068.62958
30032.57179
30055.18295
29986.06277
29986.06277
29950.03156
29950.03156
29717.21704
29717.21704
29841.77427
30175.56449
30032.71247
30032.71247
29852.05159
29852.05159
29827.11761
30073.37041
29976.66469
30216.70337
30211.63480
30211.63480
30197.53782
29943.85384
29907.45820
29941.32002
29803.70662
29695.52331
29732.39007
29810.24356
29810.24356
29914.00046
29914.00046
30032.71370
29847.45338
29847.45338
29844.89522
29868.62222
29885.82765
30169.88561
30085.96365
30085.96365
30085.96365
30198.52036
30204.38445
30096.07623
30036.21237
30199.66190
30262.44699
30262.44699
30198.05762
30225.14700
30225.14700
30339.74562
30054.54682
29762.90315
29807.26884
29711.68749
29484.42042
29486.41065
29486.41065
29486.41065
29749.00831
29749.00831
29633.95925
29659.79725
29878.10890
29971.41224
29896.73977
29939.52583
29927.98560
29858.81255
29650.17466
29650.17466
29650.17466
29857.25792
29752.37948
29597.76067
29626.84091
29571.63521
29494.48982
29494.48982
29690.11366
29692.75648
29870.57202
29850.01936
29750.04100
29737.28531
29737.28531
29775.96441
29920.05779
29828.41524
29791.71761
29955.76901
30046.52334
29978.26834
29939.58061
29994.82609
29816.27451
29887.34467
29905.48998
29788.47655
29788.47655
29788.47655
29737.95941
29737.95941
30105.56268
30062.36641
30062.36641
29983.50981
29784.17295
29784.17295
29784.17295
29784.17295
29679.05335
29749.49647
29716.12835
29716.12835
29704.60451
29624.80286
29810.55736
29810.55736
29810.55736
29573.45594
29693.75625
29698.34730
29809.35535
29878.22702
29963.82735
29963.82735
29963.82735
29963.82735
29963.82735
29901.93224
30100.01326
30243.67328
29960.26316
29878.76288
29693.37916
29693.37916
29851.27617
30086.93598
30076.54742
30191.39102
30191.39102
30085.14162
30186.69220
29997.52179
29985.94894
29810.58328
29714.81670
29987.69393
30166.35108
30137.39845
30357.17037
30155.60318
30276.74529
30056.45635
30003.13464
29923.75583
29970.46978
29970.46978
29856.59950
29638.52872
29386.76505
29667.59763
29667.59763
29634.70358
29634.70358
29634.70358
29849.33156
29997.58790
30040.61519
30046.45548
30016.14139
30065.52513
30135.86368
30135.86368
30135.86368
30225.60759
30206.17636
29934.56308
29878.40053
29878.40053
29857.86051
30020.36697
29921.47020
29925.53474
30137.35353
30137.35353
30291.95487
30244.02729
30387.08837
30171.25298
30395.50671
30397.29650
30138.90400
30172.40261
30172.40261
30092.90200
30092.90200
30092.90200
29863.39250
29867.82903
29797.45292
29797.45292
29760.08335
29652.87758
30240.78239
30240.78239
30240.78239
30189.43377
29826.90598
29826.90598
30004.84674
30004.84674
29971.90331
30031.18193
30027.12927
30245.93465
30182.82964
30182.82964
30185.24758
30159.86308
30157.00781
30278.02801
30002.46479
30067.75723
30144.92429
30144.92429
30016.69870
29812.12615
30013.54030
30020.15475
30096.50749
29863.83218
29863.83218
29863.83218
29889.35041
29889.35041
29960.03727
30132.22211
30137.16246
30244.22146
30332.28529
30338.12383
30093.69591
30093.69591
30093.69591
30118.32302
30142.23250
30094.60102
30028.55046
30013.21417
30023.13960
30179.47212
30029.58294
29859.83798
30130.84346
30076.69601
29924.70250
29699.22256
29821.35336
29908.14384
29671.38445
29671.38445
29785.33963
29755.33311
29481.89153
29481.89153
29796.47844
29700.78946
29700.78946
29773.91028
29722.68303
29922.29202
30126.34234
30126.34234
30268.31627
30268.31627
30268.31627
30380.81550
30331.29893
30286.69794
30224.81567
30224.81567
30224.81567
30224.81567
30162.63604
30100.25878
29921.63025
29921.63025
30092.40231
30092.40231
29909.97783
29773.41442
29773.41442
29813.54478
30021.11423
30317.26293
30117.72833
30162.44036
30162.44036
30162.44036
30162.44036
29980.51444
30038.84236
30038.84236
30038.68084
30135.78157
30274.51786
30133.96005
30121.62962
30079.00906
30005.36382
30067.16120
30196.90192
30196.90192
30196.90192
30188.72861
30288.46907
30288.46907
30306.52602
30211.73109
30157.80933
30308.28805
30275.26438
30121.83423
30187.83024
30187.83024
29983.42543
29984.37816
30030.14167
29801.70281
30067.99995
30272.92490
30185.23105
30185.23105
30185.23105
30262.67038
30302.33131
30209.70419
30112.32803
30021.38346
30021.38346
30083.71157
30176.02694
30176.02694
30001.83316
30091.39967
30061.93146
30048.59941
29796.11034
29854.87042
29768.37031
29768.37031
29807.80331
29921.83208
30146.72977
30130.42333
30105.57637
30086.20501
30047.68347
29878.48189
30285.73548
30060.16637
30060.16637
30233.65686
30001.35047
30102.80240
30036.11360
30036.11360
29998.21584
29827.21576
29827.23059
29971.46966
29841.78345
29916.46168
29496.40678
29480.64775
29706.26269
29511.96816
29663.68233
29738.93057
29729.90691
29729.90691
29701.52084
29803.38931
29954.21636
29954.21636
29845.85206
29845.85206
29845.85206
29682.32381
29731.61142
29923.79372
29969.74618
29895.33835
29895.33835
29930.56820
29992.16964
29992.16964
30059.73309
30059.73309
30051.20848
29933.13068
29806.19429
29806.19429
29999.49985
29831.69357
29922.84256
29853.22271
29934.57549
30173.86738
30427.03863
30427.03863
30427.03863
30438.83155
30258.45799
30435.82600
30435.82600
30285.39884
30165.41265
30165.41265
30122.66893
29995.77184
30164.30926
29994.70550
29880.96676
29787.79323
29787.79323
29928.62474
29903.92402
29828.66720
29828.66720
29828.66720
29828.66720
29699.12555
29787.37902
29744.26069
29699.38497
30072.96724
30315.53603
30189.72353
30189.72353
29894.96885
29894.96885
29978.00644
30174.34729
30087.31370
30003.38389
29968.56604
29931.89529
29709.67468
29970.08340
29970.08340
29964.12008
29898.70107
29941.25177
29941.25177
29941.25177
30011.24637
30011.24637
30050.17802
29905.35885
29980.52093
30043.86191
30158.96597
30199.21222
29960.12376
29891.50799
29818.89210
29866.66513
29711.57486
29746.10283
29743.08943
29975.80720
29975.80720
29975.80720
29975.80720
29993.48590
29896.42371
29710.57822
29790.06791
29596.32132
29660.34371
29867.23977
29867.23977
29867.23977
29867.23977
29925.70589
29925.70589
29925.70589
30109.66036
30204.88497
30068.82539
29780.99293
29973.82608
29973.82608
29886.23699
29843.79931
30066.84961
29942.07976
29956.40983
29779.17393
29779.17393
29940.79707
29940.79707
29837.49114
29917.53717
30068.49366
30106.51754
30407.83290
30358.41919
30416.17255
30373.97372
30322.46094
30462.90459
30039.57067
30046.48708
30080.16737
30114.92918
30199.48157
30309.94033
29861.81742
29861.81742
29849.12391
30021.26053
29888.89286
29677.86011
29625.78775
29625.78775
29653.78520
29880.87919
30217.32548
30217.32548
30135.91105
30135.91105
29952.36372
30117.12217
30265.56699
30110.91295
30070.17345
30120.35781
29896.78038
30014.29963
30014.29963
30014.29963
30224.06923
30155.98162
29968.20924
30095.44251
30095.44251
29971.84947
30239.81951
30212.03479
30212.03479
30028.57621
29991.25681
30072.14728
30133.31113
30133.31113
29863.28007
29915.68395
29963.10814
29963.10814
30211.04627
30211.04627
30579.79171
30579.79171
30469.82863
30185.41931
30058.44863
30058.44863
29943.72727
29943.72727
29813.71089
29872.78289
29975.33369
29986.71872
29986.71872
29822.35640
29872.36197
30078.76727
30029.14759
29754.21154
29827.76795
29817.97823
29930.64965
29939.56258
30001.24948
30106.40092
29919.88762
30052.43221
29991.62992
29991.62992
29767.54860
29981.76081
29887.93761
29873.97436
29976.40173
29976.40173
29825.21731
29825.21731
29846.83415
29846.83415
29651.30064
29697.99032
29904.35809
29982.08282
30114.49327
30182.43419
30013.94070
30013.94070
29750.34909
29750.34909
29800.55518
29496.26635
29278.41736
29382.19600
29407.74683
29407.74683
29407.74683
29407.74683
29521.10908
29521.10908
29516.76006
29581.24099
29581.24099
29532.00858
29470.62808
29470.62808
29470.62808
29698.36068
29943.47926
30290.36455
30097.68403
30097.68403
30105.01024
30105.01024
30342.05810
30342.05810
30022.16015
30022.16015
30022.16015
30022.16015
30071.01574
30052.24534
30052.24534
30052.24534
29787.32605
29923.33805
29819.73662
29802.58462
29940.87917
29911.96694
30100.03741
30100.03741
30100.03741
30044.88349
30124.61346
30508.12352
30317.10309
30317.10309
29928.23839
29959.29200
29959.29200
30032.77541
30014.17134
30082.33646
30385.96879
30385.96879
30201.45477
30100.63109
29925.50366
29913.40058
29991.23261
29903.16031
30189.01534
30435.89178
30435.89178
30505.55408
30299.39028
30180.24693
30374.11344
30121.28582
30194.93751
30374.74494
30374.74494
30218.13666
30149.46702
29992.25099
29851.31346
29792.30702
29792.30702
29857.33130
29761.44325
29761.44325
29682.07125
29856.12753
29981.88354
30164.43546
30223.57341
30175.29340
30216.69674
29956.78772
29971.97826
29741.28911
29824.74241
29786.08462
30009.18317
30057.21756
30057.21756
30138.35635
30123.87024
29888.02397
29749.81361
29767.20578
29598.60712
29598.60712
29828.63694
29828.63694
29851.00811
29602.85536
29868.93165
29720.16403
29787.99767
29772.37185
29878.85567
29626.57032
29789.00037
29854.47424
29588.38235
29607.23194
29637.27216
29646.85090
29482.67071
29678.06402
29457.90351
29434.13637
29658.11920
29811.01251
29811.01251
29777.10548
29777.10548
29660.55683
29744.16469
29949.96099
29931.85461
29693.24968
29779.40494
29852.82823
29852.82823
29959.26200
29974.86147
29974.86147
29808.70415
30053.36363
29920.61557
29733.56714
29900.72441
29900.72441
30005.44212
30026.84656
30026.84656
30255.43482
30525.47045
30551.54123
30601.21062
30406.87670
30406.87670
30441.15685
30333.67226
30333.67226
30333.67226
30333.67226
30400.52875
30375.19926
30317.34913
30321.78910
30325.46833
30297.93485
30113.58355
30278.91130
30331.24627
30402.70553
30311.22636
30262.82907
30159.26396
30159.26396
29651.34407
30033.02264
30044.70882
30173.58472
30089.62854
30089.62854
29908.82535
30049.03434
30049.03434
30049.03434
29958.71443
29958.71443
29915.81245
29915.81245
29915.81245
30096.63087
29938.31534
30006.24944
30013.74669
30172.59291
30260.18149
30277.38455
30256.03451
30112.62170
30112.62170
30085.05869
30085.05869
30337.00201
30281.60643
30281.60643
30303.56622
30424.00601
30491.70142
30372.78343
30357.58242
30580.49468
30498.01630
30571.60419
30285.62048
30296.59078
30167.53796
30167.53796
30242.08276
30132.82526
30208.09619
30208.09619
30334.44848
30247.03862
30260.95564
30260.95564
30262.93697
30306.83359
30399.24504
30294.35951
30172.75316
30172.75316
30113.90840
30214.74603
30257.50437
30244.31925
30374.87890
30261.88063
30091.17577
30091.17577
29847.78547
29960.58687
30049.53554
29941.66953
30140.39848
30257.13909
30371.01957
30371.01957
30137.61398
30122.22167
30122.22167
29781.64497
29700.97886
29613.90424
29508.49991
29606.49118
29606.49118
29606.49118
29436.62723
29430.70163
29539.68561
29767.77493
29767.77493
29962.24899
29861.22737
29867.08374
29925.76566
29867.16311
29945.11884
29945.11884
29897.41988
30035.14590
30246.86343
30246.86343
30054.55037
30014.79193
29871.37445
29906.29019
29842.45202
29842.45202
29942.78320
29939.75316
30130.46630
30242.12372
30037.52167
30037.52167
29947.44894
30141.54961
30118.97368
30118.97368
29879.56555
30031.73213
29898.65066
29879.77188
29634.60737
29779.38154
29736.04792
29736.04792
29803.38442
29879.79440
29804.65129
30001.54856
30142.39081
29999.42781
29999.42781
30100.81660
30080.07290
30080.07290
30080.07290
30080.07290
30043.42990
30011.93061
29940.14180
29866.22306
29911.03942
29852.58227
30148.65042
30148.65042
30341.56921
30341.56921
30116.83231
30056.67956
30149.62081
30278.89573
30083.24049
30132.81496
30132.81496
30078.66169
30287.04875
30391.05639
30086.99907
30005.58284
30066.96965
30027.28717
30005.31590
30008.37884
29859.99755
29859.99755
30016.96473
29941.38735
29764.41021
29764.41021
29775.49353
29615.61987
29655.40127
29795.08429
29721.14779
29721.14779
29925.91244
29877.63400
29877.63400
29729.08158
29756.03261
29756.03261
30025.38965
29952.15738
29910.11564
29931.26699
29933.19704
29739.42122
29748.30860
29517.41192
29710.31839
29859.76924
30012.81947
30012.81947
29999.44838
30238.40461
30172.56266
30172.56266
30062.66556
30317.27371
30317.27371
30465.29506
30457.60071
30457.60071
30000.32238
30000.32238
30244.34955
30537.79983
30253.93872
30137.92767
30416.98679
30299.43805
30218.67867
30087.07376
30158.52259
29792.78603
29792.78603
29736.16207
29688.29142
29688.29142
29749.78388
29749.78388
29615.70439
29746.36699
29688.18979
29677.87401
29701.66330
29679.13597
29658.73012
29718.28812
29673.45643
29652.12373
29912.26723
29995.45268
29738.43747
29883.83383
29883.83383
29686.28669
29686.28669
29561.02601
29418.76577
29490.53759
29567.61590
29642.61185
29642.61185
29698.15733
29851.34620
29899.76738
29868.10911
29868.10911
29868.10911
29868.10911
30006.36632
30006.36632
29992.63747
30198.65451
30217.04878
30054.45293
30125.35337
29936.85717
30051.57318
30041.48665
30041.48665
29779.49212
29779.49212
29911.59109
29911.59109
29892.31141
30006.25493
30097.53934
30097.53934
30165.53641
30017.91575
30017.91575
30017.91575
29832.87923
29764.81502
29821.51231
29929.76622
29832.47677
29864.00123
30024.19585
30054.56161
30130.23625
30130.23625
30130.23625
30154.94996
30171.10024
30171.10024
30171.10024
30122.46420
30122.46420
30122.46420
29864.57294
29864.57294
29658.82789
29651.58197
29821.84508
29628.61857
29628.61857
30036.30648
30098.86365
30038.12408
30038.12408
30179.24283
30401.29969
30117.24286
30244.42463
30024.05661
30115.80817
30220.03712
30088.98554
30203.40518
30203.40518
30203.40518
30203.40518
30085.28966
30085.28966
30085.28966
30131.11282
30149.53446
30302.98604
30296.34269
30308.50159
30308.50159
30367.66098
30416.00990
30340.43076
30112.07711
30112.07711
30062.74086
29956.72301
30175.00375
29940.11825
30456.52373
30398.39353
30165.53741
30277.03066
30277.03066
30286.65826
30119.59642
